
32.9000   263
32.9200   274
32.9400   249
32.9600   279
32.9800   257
33.0000   239
33.0200   258
33.0400   236
33.0600   266
33.0800   251
33.1000   277
33.1200   291
33.1400   270
33.1600   260
33.1800   275
33.2000   262
33.2200   249
33.2400   255
33.2600   257
33.2800   272
33.3000   266
33.3200   234
33.3400   302
33.3600   275
33.3800   274
33.4000   221
33.4200   253
33.4400   269
33.4600   274
33.4800   264
33.5000   247
33.5200   276
33.5400   232
33.5600   278
33.5800   285
33.6000   263
33.6200   254
33.6400   253
33.6600   262
33.6800   275
33.7000   298
33.7200   268
33.7400   257
33.7600   251
33.7800   273
33.8000   273
33.8200   275
33.8400   272
33.8600   265
33.8800   271
33.9000   257
33.9200   264
33.9400   257
33.9600   286
33.9800   305
34.0000   281
