  Measurement Number     Measurement type
                   1                DC IV

      Measurement ID             SeriesID
       739912.841864                    0

         MeasureMode                Bias1                Bias2
                   2                    2                   -1

                Step  Positive compliance  Negative compliance
                0.05                1e-06                1e-06

  RealMeasuredPoints
                 124

        Bias        Current     Resistance
0.0000e+00   9.6590e-11   0.0000e+00
5.0000e-02   2.6560e-07   1.8825e+05
1.0000e-01   5.0136e-07   1.9946e+05
1.5000e-01   7.8604e-07   1.9083e+05
2.0000e-01   9.9998e-07   2.0000e+05
2.5000e-01   9.9998e-07   2.5001e+05
3.0000e-01   9.9996e-07   3.0001e+05
3.5000e-01   9.9996e-07   3.5001e+05
4.0000e-01   9.9996e-07   4.0002e+05
4.5000e-01   9.9996e-07   4.5002e+05
5.0000e-01   9.9998e-07   5.0001e+05
5.5000e-01   9.9998e-07   5.5001e+05
6.0000e-01   9.9996e-07   6.0002e+05
6.5000e-01   9.9996e-07   6.5003e+05
7.0000e-01   9.9996e-07   7.0003e+05
7.5000e-01   9.9996e-07   7.5003e+05
8.0000e-01   9.9996e-07   8.0003e+05
8.5000e-01   9.9998e-07   8.5002e+05
9.0000e-01   9.9996e-07   9.0004e+05
9.5000e-01   9.9994e-07   9.5006e+05
1.0000e+00   9.9996e-07   1.0000e+06
1.0500e+00   9.9996e-07   1.0500e+06
1.1000e+00   9.9998e-07   1.1000e+06
1.1500e+00   9.9998e-07   1.1500e+06
1.2000e+00   9.9998e-07   1.2000e+06
1.2500e+00   9.9996e-07   1.2501e+06
1.3000e+00   9.9996e-07   1.3001e+06
1.3500e+00   9.9996e-07   1.3501e+06
1.4000e+00   9.9996e-07   1.4001e+06
1.4500e+00   9.9996e-07   1.4501e+06
1.5000e+00   9.9996e-07   1.5001e+06
1.5500e+00   9.9996e-07   1.5501e+06
1.6000e+00   9.9996e-07   1.6001e+06
1.6500e+00   9.9996e-07   1.6501e+06
1.7000e+00   9.9994e-07   1.7001e+06
1.7500e+00   9.9996e-07   1.7501e+06
1.8000e+00   9.9996e-07   1.8001e+06
1.8500e+00   9.9998e-07   1.8500e+06
1.9000e+00   9.9998e-07   1.9000e+06
1.9500e+00   9.9998e-07   1.9500e+06
2.0000e+00   9.9998e-07   2.0000e+06
2.0000e+00   9.9996e-07   2.0001e+06
1.9500e+00   9.9996e-07   1.9501e+06
1.9000e+00   9.9998e-07   1.9000e+06
1.8500e+00   9.9996e-07   1.8501e+06
1.8000e+00   9.9996e-07   1.8001e+06
1.7500e+00   9.9998e-07   1.7500e+06
1.7000e+00   9.9998e-07   1.7000e+06
1.6500e+00   9.9994e-07   1.6501e+06
1.6000e+00   9.9998e-07   1.6000e+06
1.5500e+00   9.9996e-07   1.5501e+06
1.5000e+00   9.9996e-07   1.5001e+06
1.4500e+00   9.9998e-07   1.4500e+06
1.4000e+00   9.9998e-07   1.4000e+06
1.3500e+00   9.9998e-07   1.3500e+06
1.3000e+00   9.9998e-07   1.3000e+06
1.2500e+00   9.9996e-07   1.2501e+06
1.2000e+00   9.9998e-07   1.2000e+06
1.1500e+00   9.9998e-07   1.1500e+06
1.1000e+00   9.9998e-07   1.1000e+06
1.0500e+00   9.9996e-07   1.0500e+06
1.0000e+00   9.9996e-07   1.0000e+06
9.5000e-01   9.9996e-07   9.5004e+05
9.0000e-01   9.9998e-07   9.0002e+05
8.5000e-01   9.9994e-07   8.5005e+05
8.0000e-01   9.9996e-07   8.0003e+05
7.5000e-01   9.9998e-07   7.5002e+05
7.0000e-01   9.9996e-07   7.0003e+05
6.5000e-01   9.9996e-07   6.5003e+05
6.0000e-01   9.9998e-07   6.0001e+05
5.5000e-01   9.9998e-07   5.5001e+05
5.0000e-01   9.9994e-07   5.0003e+05
4.5000e-01   9.9998e-07   4.5001e+05
4.0000e-01   9.9996e-07   4.0002e+05
3.5000e-01   9.9996e-07   3.5001e+05
3.0000e-01   9.9996e-07   3.0001e+05
2.5000e-01   1.0000e-06   2.5000e+05
2.0000e-01   9.9996e-07   2.0001e+05
1.5000e-01   7.8420e-07   1.9128e+05
1.0000e-01   5.1328e-07   1.9483e+05
5.0000e-02   2.7050e-07   1.8484e+05
0.0000e+00   8.6670e-11   0.0000e+00
0.0000e+00   7.9050e-11   0.0000e+00
-5.0000e-02   -3.3064e-07   1.5122e+05
-1.0000e-01   -7.3648e-07   1.3578e+05
-1.5000e-01   -9.9998e-07   1.5000e+05
-2.0000e-01   -1.0000e-06   2.0000e+05
-2.5000e-01   -1.0000e-06   2.5000e+05
-3.0000e-01   -1.0000e-06   2.9999e+05
-3.5000e-01   -9.9998e-07   3.5001e+05
-4.0000e-01   -1.0000e-06   4.0000e+05
-4.5000e-01   -1.0000e-06   4.5000e+05
-5.0000e-01   -1.0000e-06   5.0000e+05
-5.5000e-01   -1.0000e-06   5.5000e+05
-6.0000e-01   -1.0000e-06   5.9998e+05
-6.5000e-01   -9.9998e-07   6.5001e+05
-7.0000e-01   -9.9998e-07   7.0001e+05
-7.5000e-01   -9.9998e-07   7.5002e+05
-8.0000e-01   -1.0000e-06   7.9998e+05
-8.5000e-01   -1.0000e-06   8.4998e+05
-9.0000e-01   -1.0000e-06   9.0000e+05
-9.5000e-01   -1.0000e-06   9.4998e+05
-1.0000e+00   -1.0000e-06   9.9998e+05
-1.0000e+00   -9.9998e-07   1.0000e+06
-9.5000e-01   -9.9998e-07   9.5002e+05
-9.0000e-01   -9.9998e-07   9.0002e+05
-8.5000e-01   -1.0000e-06   8.5000e+05
-8.0000e-01   -9.9998e-07   8.0002e+05
-7.5000e-01   -9.9998e-07   7.5002e+05
-7.0000e-01   -9.9998e-07   7.0001e+05
-6.5000e-01   -1.0000e-06   6.5000e+05
-6.0000e-01   -1.0000e-06   5.9999e+05
-5.5000e-01   -9.9998e-07   5.5001e+05
-5.0000e-01   -1.0000e-06   5.0000e+05
-4.5000e-01   -9.9996e-07   4.5002e+05
-4.0000e-01   -1.0000e-06   3.9999e+05
-3.5000e-01   -1.0000e-06   3.5000e+05
-3.0000e-01   -9.9998e-07   3.0001e+05
-2.5000e-01   -9.9998e-07   2.5001e+05
-2.0000e-01   -9.9998e-07   2.0000e+05
-1.5000e-01   -1.0000e-06   1.5000e+05
-1.0000e-01   -7.4172e-07   1.3482e+05
-5.0000e-02   -3.3930e-07   1.4736e+05
0.0000e+00   1.3394e-10   0.0000e+00
