  Measurement Number     Measurement type
                  43                DC IV

      Measurement ID             SeriesID
       739956.525227                   10

         MeasureMode                Bias1                Bias2
                   2                   -3                 2.25

                Step  Positive compliance  Negative compliance
                0.05                  0.1                  0.1

  RealMeasuredPoints
                 214

        Bias        Current     Resistance
0.0000e+00   4.7767e-08   0.0000e+00
-5.0000e-02   -1.8878e-05   2.6486e+03
-1.0000e-01   -3.7948e-05   2.6352e+03
-1.5000e-01   -5.7272e-05   2.6191e+03
-2.0000e-01   -7.7078e-05   2.5948e+03
-2.5000e-01   -9.7258e-05   2.5705e+03
-3.0000e-01   -1.1810e-04   2.5402e+03
-3.5000e-01   -1.3938e-04   2.5111e+03
-4.0000e-01   -1.6144e-04   2.4777e+03
-4.5000e-01   -1.8398e-04   2.4459e+03
-5.0000e-01   -2.0728e-04   2.4122e+03
-5.5000e-01   -2.3108e-04   2.3801e+03
-6.0000e-01   -2.5574e-04   2.3461e+03
-6.5000e-01   -2.8094e-04   2.3137e+03
-7.0000e-01   -3.0694e-04   2.2806e+03
-7.5000e-01   -3.3386e-04   2.2465e+03
-8.0000e-01   -3.6128e-04   2.2143e+03
-8.5000e-01   -3.8974e-04   2.1809e+03
-9.0000e-01   -4.1830e-04   2.1516e+03
-9.5000e-01   -4.4844e-04   2.1185e+03
-1.0000e+00   -4.7922e-04   2.0867e+03
-1.0500e+00   -5.1024e-04   2.0579e+03
-1.1000e+00   -5.4150e-04   2.0314e+03
-1.1500e+00   -5.7492e-04   2.0003e+03
-1.2000e+00   -6.0828e-04   1.9728e+03
-1.2500e+00   -6.4302e-04   1.9440e+03
-1.3000e+00   -6.7930e-04   1.9137e+03
-1.3500e+00   -7.1770e-04   1.8810e+03
-1.4000e+00   -7.5652e-04   1.8506e+03
-1.4500e+00   -7.9758e-04   1.8180e+03
-1.5000e+00   -8.4466e-04   1.7759e+03
-1.5500e+00   -8.8978e-04   1.7420e+03
-1.6000e+00   -9.3776e-04   1.7062e+03
-1.6500e+00   -9.8212e-04   1.6800e+03
-1.7000e+00   -1.0300e-03   1.6504e+03
-1.7500e+00   -1.0772e-03   1.6245e+03
-1.8000e+00   -1.1264e-03   1.5980e+03
-1.8500e+00   -1.1902e-03   1.5544e+03
-1.9000e+00   -1.2358e-03   1.5375e+03
-1.9500e+00   -1.2828e-03   1.5201e+03
-2.0000e+00   -1.3354e-03   1.4977e+03
-2.0500e+00   -1.3852e-03   1.4799e+03
-2.1000e+00   -1.4404e-03   1.4579e+03
-2.1500e+00   -1.4906e-03   1.4424e+03
-2.2000e+00   -1.5424e-03   1.4263e+03
-2.2500e+00   -1.5864e-03   1.4183e+03
-2.3000e+00   -1.6316e-03   1.4097e+03
-2.3500e+00   -1.6742e-03   1.4037e+03
-2.4000e+00   -1.7092e-03   1.4042e+03
-2.4500e+00   -1.7520e-03   1.3984e+03
-2.5000e+00   -1.7878e-03   1.3984e+03
-2.5500e+00   -1.8310e-03   1.3927e+03
-2.6000e+00   -1.8778e-03   1.3846e+03
-2.6500e+00   -1.9244e-03   1.3771e+03
-2.7000e+00   -1.9744e-03   1.3675e+03
-2.7500e+00   -2.0148e-03   1.3649e+03
-2.8000e+00   -2.0642e-03   1.3565e+03
-2.8500e+00   -2.1166e-03   1.3465e+03
-2.9000e+00   -2.1738e-03   1.3341e+03
-2.9500e+00   -2.2322e-03   1.3216e+03
-3.0000e+00   -2.2916e-03   1.3091e+03
-3.0000e+00   -2.3030e-03   1.3026e+03
-2.9500e+00   -2.2456e-03   1.3137e+03
-2.9000e+00   -2.1864e-03   1.3264e+03
-2.8500e+00   -2.1274e-03   1.3397e+03
-2.8000e+00   -2.0624e-03   1.3576e+03
-2.7500e+00   -1.9978e-03   1.3765e+03
-2.7000e+00   -1.9388e-03   1.3926e+03
-2.6500e+00   -1.8770e-03   1.4118e+03
-2.6000e+00   -1.8214e-03   1.4275e+03
-2.5500e+00   -1.7602e-03   1.4487e+03
-2.5000e+00   -1.7030e-03   1.4680e+03
-2.4500e+00   -1.6430e-03   1.4912e+03
-2.4000e+00   -1.5876e-03   1.5117e+03
-2.3500e+00   -1.5312e-03   1.5347e+03
-2.3000e+00   -1.4754e-03   1.5589e+03
-2.2500e+00   -1.4162e-03   1.5888e+03
-2.2000e+00   -1.3636e-03   1.6134e+03
-2.1500e+00   -1.3078e-03   1.6440e+03
-2.1000e+00   -1.2542e-03   1.6744e+03
-2.0500e+00   -1.2018e-03   1.7058e+03
-2.0000e+00   -1.1504e-03   1.7385e+03
-1.9500e+00   -1.0988e-03   1.7747e+03
-1.9000e+00   -1.0474e-03   1.8140e+03
-1.8500e+00   -9.9640e-04   1.8567e+03
-1.8000e+00   -9.4816e-04   1.8984e+03
-1.7500e+00   -8.9996e-04   1.9445e+03
-1.7000e+00   -8.5408e-04   1.9904e+03
-1.6500e+00   -8.0702e-04   2.0446e+03
-1.6000e+00   -7.6242e-04   2.0986e+03
-1.5500e+00   -7.1832e-04   2.1578e+03
-1.5000e+00   -6.7478e-04   2.2229e+03
-1.4500e+00   -6.3300e-04   2.2907e+03
-1.4000e+00   -5.9248e-04   2.3629e+03
-1.3500e+00   -5.5238e-04   2.4440e+03
-1.3000e+00   -5.1356e-04   2.5313e+03
-1.2500e+00   -4.7696e-04   2.6208e+03
-1.2000e+00   -4.4056e-04   2.7238e+03
-1.1500e+00   -4.0622e-04   2.8310e+03
-1.1000e+00   -3.7296e-04   2.9494e+03
-1.0500e+00   -3.4130e-04   3.0765e+03
-1.0000e+00   -3.1028e-04   3.2229e+03
-9.5000e-01   -2.8178e-04   3.3714e+03
-9.0000e-01   -2.5420e-04   3.5405e+03
-8.5000e-01   -2.2862e-04   3.7180e+03
-8.0000e-01   -2.0428e-04   3.9162e+03
-7.5000e-01   -1.8174e-04   4.1268e+03
-7.0000e-01   -1.6042e-04   4.3635e+03
-6.5000e-01   -1.4078e-04   4.6171e+03
-6.0000e-01   -1.2258e-04   4.8948e+03
-5.5000e-01   -1.0574e-04   5.2014e+03
-5.0000e-01   -9.0352e-05   5.5339e+03
-4.5000e-01   -7.6386e-05   5.8911e+03
-4.0000e-01   -6.3600e-05   6.2893e+03
-3.5000e-01   -5.2096e-05   6.7184e+03
-3.0000e-01   -4.1784e-05   7.1798e+03
-2.5000e-01   -3.2560e-05   7.6781e+03
-2.0000e-01   -2.4432e-05   8.1860e+03
-1.5000e-01   -1.7292e-05   8.6745e+03
-1.0000e-01   -1.0912e-05   9.1642e+03
-5.0000e-02   -5.2584e-06   9.5086e+03
0.0000e+00   1.3188e-08   0.0000e+00
0.0000e+00   1.4336e-08   0.0000e+00
5.0000e-02   5.3168e-06   9.4042e+03
1.0000e-01   1.1028e-05   9.0678e+03
1.5000e-01   1.7438e-05   8.6019e+03
2.0000e-01   2.4738e-05   8.0847e+03
2.5000e-01   3.3040e-05   7.5666e+03
3.0000e-01   4.2382e-05   7.0785e+03
3.5000e-01   5.2838e-05   6.6240e+03
4.0000e-01   6.5048e-05   6.1493e+03
4.5000e-01   7.7812e-05   5.7832e+03
5.0000e-01   9.2004e-05   5.4345e+03
5.5000e-01   1.0780e-04   5.1022e+03
6.0000e-01   1.2396e-04   4.8403e+03
6.5000e-01   1.4190e-04   4.5807e+03
7.0000e-01   1.6068e-04   4.3565e+03
7.5000e-01   1.8334e-04   4.0908e+03
8.0000e-01   2.0870e-04   3.8333e+03
8.5000e-01   2.3270e-04   3.6528e+03
9.0000e-01   2.5916e-04   3.4728e+03
9.5000e-01   2.8442e-04   3.3401e+03
1.0000e+00   3.1174e-04   3.2078e+03
1.0500e+00   3.3888e-04   3.0984e+03
1.1000e+00   3.7340e-04   2.9459e+03
1.1500e+00   4.3310e-04   2.6553e+03
1.2000e+00   4.6266e-04   2.5937e+03
1.2500e+00   5.0182e-04   2.4909e+03
1.3000e+00   5.4322e-04   2.3931e+03
1.3500e+00   5.8716e-04   2.2992e+03
1.4000e+00   6.2868e-04   2.2269e+03
1.4500e+00   6.7334e-04   2.1534e+03
1.5000e+00   7.2022e-04   2.0827e+03
1.5500e+00   7.6576e-04   2.0241e+03
1.6000e+00   8.1718e-04   1.9580e+03
1.6500e+00   8.6708e-04   1.9029e+03
1.7000e+00   9.2116e-04   1.8455e+03
1.7500e+00   9.7096e-04   1.8023e+03
1.8000e+00   1.0195e-03   1.7656e+03
1.8500e+00   1.0806e-03   1.7119e+03
1.9000e+00   1.1350e-03   1.6739e+03
1.9500e+00   1.2226e-03   1.5950e+03
2.0000e+00   1.2688e-03   1.5763e+03
2.0500e+00   1.3156e-03   1.5582e+03
2.1000e+00   1.3644e-03   1.5391e+03
2.1500e+00   1.4154e-03   1.5190e+03
2.2000e+00   1.4560e-03   1.5110e+03
2.2500e+00   1.4962e-03   1.5038e+03
2.2500e+00   1.4756e-03   1.5248e+03
2.2000e+00   1.4130e-03   1.5570e+03
2.1500e+00   1.3598e-03   1.5811e+03
2.1000e+00   1.3090e-03   1.6043e+03
2.0500e+00   1.2650e-03   1.6206e+03
2.0000e+00   1.2244e-03   1.6335e+03
1.9500e+00   1.1806e-03   1.6517e+03
1.9000e+00   1.1396e-03   1.6673e+03
1.8500e+00   1.0988e-03   1.6837e+03
1.8000e+00   1.0590e-03   1.6997e+03
1.7500e+00   1.0166e-03   1.7214e+03
1.7000e+00   9.7922e-04   1.7361e+03
1.6500e+00   9.4104e-04   1.7534e+03
1.6000e+00   9.0322e-04   1.7714e+03
1.5500e+00   8.6512e-04   1.7917e+03
1.5000e+00   8.2852e-04   1.8105e+03
1.4500e+00   7.9126e-04   1.8325e+03
1.4000e+00   7.5478e-04   1.8548e+03
1.3500e+00   7.1924e-04   1.8770e+03
1.3000e+00   6.8352e-04   1.9019e+03
1.2500e+00   6.4910e-04   1.9257e+03
1.2000e+00   6.1518e-04   1.9506e+03
1.1500e+00   5.8190e-04   1.9763e+03
1.1000e+00   5.4918e-04   2.0030e+03
1.0500e+00   5.1728e-04   2.0298e+03
1.0000e+00   4.8594e-04   2.0579e+03
9.5000e-01   4.5504e-04   2.0877e+03
9.0000e-01   4.2530e-04   2.1162e+03
8.5000e-01   3.9592e-04   2.1469e+03
8.0000e-01   3.6754e-04   2.1766e+03
7.5000e-01   3.3980e-04   2.2072e+03
7.0000e-01   3.1252e-04   2.2399e+03
6.5000e-01   2.8614e-04   2.2716e+03
6.0000e-01   2.6034e-04   2.3047e+03
5.5000e-01   2.3546e-04   2.3359e+03
5.0000e-01   2.1108e-04   2.3688e+03
4.5000e-01   1.8758e-04   2.3990e+03
4.0000e-01   1.6460e-04   2.4301e+03
3.5000e-01   1.4232e-04   2.4592e+03
3.0000e-01   1.2060e-04   2.4876e+03
2.5000e-01   9.9578e-05   2.5106e+03
2.0000e-01   7.8984e-05   2.5322e+03
1.5000e-01   5.8800e-05   2.5510e+03
1.0000e-01   3.9002e-05   2.5640e+03
5.0000e-02   1.9462e-05   2.5691e+03
0.0000e+00   5.2091e-08   0.0000e+00
