  Measurement Number     Measurement type
                  21                DC IV

      Measurement ID             SeriesID
       739844.523539                   98

         MeasureMode                Bias1                Bias2
                   2                   -3                 2.25

                Step  Positive compliance  Negative compliance
                0.05                 0.01                 0.01

  RealMeasuredPoints
                 214

        Bias        Current     Resistance
0.0000e+00   4.7529e-08   0.0000e+00
-5.0000e-02   -1.0444e-05   4.7874e+03
-1.0000e-01   -2.1286e-05   4.6979e+03
-1.5000e-01   -3.3132e-05   4.5273e+03
-2.0000e-01   -4.5520e-05   4.3937e+03
-2.5000e-01   -5.8478e-05   4.2751e+03
-3.0000e-01   -7.3108e-05   4.1035e+03
-3.5000e-01   -8.6798e-05   4.0324e+03
-4.0000e-01   -1.0146e-04   3.9425e+03
-4.5000e-01   -1.1898e-04   3.7821e+03
-5.0000e-01   -1.3896e-04   3.5982e+03
-5.5000e-01   -1.5446e-04   3.5608e+03
-6.0000e-01   -1.6906e-04   3.5490e+03
-6.5000e-01   -1.8758e-04   3.4652e+03
-7.0000e-01   -2.0340e-04   3.4415e+03
-7.5000e-01   -2.3624e-04   3.1747e+03
-8.0000e-01   -2.6414e-04   3.0287e+03
-8.5000e-01   -2.9466e-04   2.8847e+03
-9.0000e-01   -3.2078e-04   2.8057e+03
-9.5000e-01   -3.9050e-04   2.4328e+03
-1.0000e+00   -4.4626e-04   2.2408e+03
-1.0500e+00   -4.9532e-04   2.1198e+03
-1.1000e+00   -5.8518e-04   1.8798e+03
-1.1500e+00   -7.1188e-04   1.6154e+03
-1.2000e+00   -8.3382e-04   1.4392e+03
-1.2500e+00   -9.4770e-04   1.3190e+03
-1.3000e+00   -1.0540e-03   1.2334e+03
-1.3500e+00   -1.2532e-03   1.0772e+03
-1.4000e+00   -1.3132e-03   1.0661e+03
-1.4500e+00   -1.4306e-03   1.0136e+03
-1.5000e+00   -1.5608e-03   9.6105e+02
-1.5500e+00   -1.6990e-03   9.1230e+02
-1.6000e+00   -1.8266e-03   8.7594e+02
-1.6500e+00   -1.9608e-03   8.4149e+02
-1.7000e+00   -2.0948e-03   8.1153e+02
-1.7500e+00   -2.2314e-03   7.8426e+02
-1.8000e+00   -2.3620e-03   7.6207e+02
-1.8500e+00   -2.5026e-03   7.3923e+02
-1.9000e+00   -2.6344e-03   7.2123e+02
-1.9500e+00   -2.7622e-03   7.0596e+02
-2.0000e+00   -2.8738e-03   6.9594e+02
-2.0500e+00   -2.9662e-03   6.9112e+02
-2.1000e+00   -3.0682e-03   6.8444e+02
-2.1500e+00   -3.1562e-03   6.8120e+02
-2.2000e+00   -3.2518e-03   6.7655e+02
-2.2500e+00   -3.3478e-03   6.7208e+02
-2.3000e+00   -3.4450e-03   6.6763e+02
-2.3500e+00   -3.5316e-03   6.6542e+02
-2.4000e+00   -3.6256e-03   6.6196e+02
-2.4500e+00   -3.7210e-03   6.5843e+02
-2.5000e+00   -3.8274e-03   6.5318e+02
-2.5500e+00   -3.9240e-03   6.4985e+02
-2.6000e+00   -4.0334e-03   6.4462e+02
-2.6500e+00   -4.1594e-03   6.3711e+02
-2.7000e+00   -4.2732e-03   6.3184e+02
-2.7500e+00   -4.4122e-03   6.2327e+02
-2.8000e+00   -4.5528e-03   6.1501e+02
-2.8500e+00   -4.6970e-03   6.0677e+02
-2.9000e+00   -4.8406e-03   5.9910e+02
-2.9500e+00   -4.9796e-03   5.9242e+02
-3.0000e+00   -5.1374e-03   5.8395e+02
-3.0000e+00   -5.1482e-03   5.8273e+02
-2.9500e+00   -5.0012e-03   5.8986e+02
-2.9000e+00   -4.8742e-03   5.9497e+02
-2.8500e+00   -4.7240e-03   6.0330e+02
-2.8000e+00   -4.5940e-03   6.0949e+02
-2.7500e+00   -4.4556e-03   6.1720e+02
-2.7000e+00   -4.3186e-03   6.2520e+02
-2.6500e+00   -4.1920e-03   6.3216e+02
-2.6000e+00   -4.0734e-03   6.3829e+02
-2.5500e+00   -3.9478e-03   6.4593e+02
-2.5000e+00   -3.8246e-03   6.5366e+02
-2.4500e+00   -3.6984e-03   6.6245e+02
-2.4000e+00   -3.5724e-03   6.7182e+02
-2.3500e+00   -3.4468e-03   6.8179e+02
-2.3000e+00   -3.3260e-03   6.9152e+02
-2.2500e+00   -3.2072e-03   7.0155e+02
-2.2000e+00   -3.0806e-03   7.1415e+02
-2.1500e+00   -2.9620e-03   7.2586e+02
-2.1000e+00   -2.8454e-03   7.3803e+02
-2.0500e+00   -2.7278e-03   7.5152e+02
-2.0000e+00   -2.6098e-03   7.6634e+02
-1.9500e+00   -2.4942e-03   7.8181e+02
-1.9000e+00   -2.3808e-03   7.9805e+02
-1.8500e+00   -2.2628e-03   8.1757e+02
-1.8000e+00   -2.1536e-03   8.3581e+02
-1.7500e+00   -2.0436e-03   8.5633e+02
-1.7000e+00   -1.9318e-03   8.8001e+02
-1.6500e+00   -1.8238e-03   9.0470e+02
-1.6000e+00   -1.7184e-03   9.3110e+02
-1.5500e+00   -1.6124e-03   9.6130e+02
-1.5000e+00   -1.5104e-03   9.9311e+02
-1.4500e+00   -1.4098e-03   1.0285e+03
-1.4000e+00   -1.3110e-03   1.0679e+03
-1.3500e+00   -1.2168e-03   1.1095e+03
-1.3000e+00   -1.1216e-03   1.1591e+03
-1.2500e+00   -1.0318e-03   1.2115e+03
-1.2000e+00   -9.4418e-04   1.2709e+03
-1.1500e+00   -8.5898e-04   1.3388e+03
-1.1000e+00   -7.7922e-04   1.4117e+03
-1.0500e+00   -7.0138e-04   1.4970e+03
-1.0000e+00   -6.2818e-04   1.5919e+03
-9.5000e-01   -5.5848e-04   1.7010e+03
-9.0000e-01   -4.9470e-04   1.8193e+03
-8.5000e-01   -4.3364e-04   1.9602e+03
-8.0000e-01   -3.7816e-04   2.1155e+03
-7.5000e-01   -3.2706e-04   2.2932e+03
-7.0000e-01   -2.8052e-04   2.4954e+03
-6.5000e-01   -2.3810e-04   2.7299e+03
-6.0000e-01   -2.0028e-04   2.9958e+03
-5.5000e-01   -1.6674e-04   3.2985e+03
-5.0000e-01   -1.3680e-04   3.6550e+03
-4.5000e-01   -1.1046e-04   4.0739e+03
-4.0000e-01   -8.8658e-05   4.5117e+03
-3.5000e-01   -6.9118e-05   5.0638e+03
-3.0000e-01   -5.2336e-05   5.7322e+03
-2.5000e-01   -3.8192e-05   6.5459e+03
-2.0000e-01   -2.6806e-05   7.4610e+03
-1.5000e-01   -1.7736e-05   8.4574e+03
-1.0000e-01   -1.0528e-05   9.4985e+03
-5.0000e-02   -4.7814e-06   1.0457e+04
0.0000e+00   2.2058e-08   0.0000e+00
0.0000e+00   2.1418e-08   0.0000e+00
5.0000e-02   4.6954e-06   1.0649e+04
1.0000e-01   1.0120e-05   9.8810e+03
1.5000e-01   1.6952e-05   8.8485e+03
2.0000e-01   2.5618e-05   7.8070e+03
2.5000e-01   3.6288e-05   6.8893e+03
3.0000e-01   4.8902e-05   6.1347e+03
3.5000e-01   6.4288e-05   5.4443e+03
4.0000e-01   8.1768e-05   4.8919e+03
4.5000e-01   1.0157e-04   4.4306e+03
5.0000e-01   1.2430e-04   4.0225e+03
5.5000e-01   1.5090e-04   3.6448e+03
6.0000e-01   1.8168e-04   3.3025e+03
6.5000e-01   2.1800e-04   2.9817e+03
7.0000e-01   2.5704e-04   2.7233e+03
7.5000e-01   2.9586e-04   2.5350e+03
8.0000e-01   3.4932e-04   2.2902e+03
8.5000e-01   4.0476e-04   2.1000e+03
9.0000e-01   4.6120e-04   1.9514e+03
9.5000e-01   5.2296e-04   1.8166e+03
1.0000e+00   5.9702e-04   1.6750e+03
1.0500e+00   6.7366e-04   1.5586e+03
1.1000e+00   7.6904e-04   1.4304e+03
1.1500e+00   8.5582e-04   1.3437e+03
1.2000e+00   9.4818e-04   1.2656e+03
1.2500e+00   1.0431e-03   1.1983e+03
1.3000e+00   1.2120e-03   1.0726e+03
1.3500e+00   1.3112e-03   1.0296e+03
1.4000e+00   1.4206e-03   9.8550e+02
1.4500e+00   1.5368e-03   9.4352e+02
1.5000e+00   1.6540e-03   9.0689e+02
1.5500e+00   1.7684e-03   8.7650e+02
1.6000e+00   1.8840e-03   8.4926e+02
1.6500e+00   1.9980e-03   8.2583e+02
1.7000e+00   2.1362e-03   7.9581e+02
1.7500e+00   2.2608e-03   7.7406e+02
1.8000e+00   2.4040e-03   7.4875e+02
1.8500e+00   2.5192e-03   7.3436e+02
1.9000e+00   2.6294e-03   7.2260e+02
1.9500e+00   2.7074e-03   7.2025e+02
2.0000e+00   2.7134e-03   7.3708e+02
2.0500e+00   2.6498e-03   7.7364e+02
2.1000e+00   2.6034e-03   8.0664e+02
2.1500e+00   2.4108e-03   8.9182e+02
2.2000e+00   2.2688e-03   9.6968e+02
2.2500e+00   2.1576e-03   1.0428e+03
2.2500e+00   2.1122e-03   1.0652e+03
2.2000e+00   1.9374e-03   1.1355e+03
2.1500e+00   1.8516e-03   1.1612e+03
2.1000e+00   1.7712e-03   1.1856e+03
2.0500e+00   1.7062e-03   1.2015e+03
2.0000e+00   1.6186e-03   1.2356e+03
1.9500e+00   1.5312e-03   1.2735e+03
1.9000e+00   1.4582e-03   1.3030e+03
1.8500e+00   1.3862e-03   1.3346e+03
1.8000e+00   1.3130e-03   1.3709e+03
1.7500e+00   1.2506e-03   1.3993e+03
1.7000e+00   1.1872e-03   1.4319e+03
1.6500e+00   1.1210e-03   1.4719e+03
1.6000e+00   1.0644e-03   1.5032e+03
1.5500e+00   9.9608e-04   1.5561e+03
1.5000e+00   9.4108e-04   1.5939e+03
1.4500e+00   8.8530e-04   1.6379e+03
1.4000e+00   8.2720e-04   1.6925e+03
1.3500e+00   7.7484e-04   1.7423e+03
1.3000e+00   7.2202e-04   1.8005e+03
1.2500e+00   6.6842e-04   1.8701e+03
1.2000e+00   6.2370e-04   1.9240e+03
1.1500e+00   5.8036e-04   1.9815e+03
1.1000e+00   5.3702e-04   2.0483e+03
1.0500e+00   4.9634e-04   2.1155e+03
1.0000e+00   4.5842e-04   2.1814e+03
9.5000e-01   4.2124e-04   2.2552e+03
9.0000e-01   3.8744e-04   2.3229e+03
8.5000e-01   3.5394e-04   2.4015e+03
8.0000e-01   3.2168e-04   2.4869e+03
7.5000e-01   2.9108e-04   2.5766e+03
7.0000e-01   2.6230e-04   2.6687e+03
6.5000e-01   2.3476e-04   2.7688e+03
6.0000e-01   2.0904e-04   2.8703e+03
5.5000e-01   1.8460e-04   2.9794e+03
5.0000e-01   1.6214e-04   3.0838e+03
4.5000e-01   1.4054e-04   3.2019e+03
4.0000e-01   1.2000e-04   3.3333e+03
3.5000e-01   1.0086e-04   3.4702e+03
3.0000e-01   8.1784e-05   3.6682e+03
2.5000e-01   6.5602e-05   3.8109e+03
2.0000e-01   5.0596e-05   3.9529e+03
1.5000e-01   3.6738e-05   4.0830e+03
1.0000e-01   2.3740e-05   4.2123e+03
5.0000e-02   1.1608e-05   4.3074e+03
0.0000e+00   3.7410e-08   0.0000e+00
