  Measurement Number     Measurement type
                  37                DC IV

      Measurement ID             SeriesID
       739844.524845                   49

         MeasureMode                Bias1                Bias2
                   2                   -3                 2.75

                Step  Positive compliance  Negative compliance
                0.05                 0.01                 0.01

  RealMeasuredPoints
                 234

        Bias        Current     Resistance
0.0000e+00   7.3554e-09   0.0000e+00
-5.0000e-02   -1.9045e-06   2.6254e+04
-1.0000e-01   -3.9499e-06   2.5317e+04
-1.5000e-01   -6.3572e-06   2.3595e+04
-2.0000e-01   -8.9900e-06   2.2247e+04
-2.5000e-01   -1.1044e-05   2.2637e+04
-3.0000e-01   -1.4136e-05   2.1222e+04
-3.5000e-01   -1.7642e-05   1.9839e+04
-4.0000e-01   -2.1386e-05   1.8704e+04
-4.5000e-01   -2.5576e-05   1.7595e+04
-5.0000e-01   -2.9586e-05   1.6900e+04
-5.5000e-01   -4.6820e-05   1.1747e+04
-6.0000e-01   -5.2710e-05   1.1383e+04
-6.5000e-01   -5.4134e-05   1.2007e+04
-7.0000e-01   -5.9234e-05   1.1818e+04
-7.5000e-01   -6.6562e-05   1.1268e+04
-8.0000e-01   -7.3652e-05   1.0862e+04
-8.5000e-01   -8.5054e-05   9.9937e+03
-9.0000e-01   -9.1074e-05   9.8821e+03
-9.5000e-01   -1.0045e-04   9.4571e+03
-1.0000e+00   -1.0896e-04   9.1773e+03
-1.0500e+00   -1.0524e-04   9.9772e+03
-1.1000e+00   -3.0254e-04   3.6359e+03
-1.1500e+00   -3.8878e-04   2.9580e+03
-1.2000e+00   -4.4402e-04   2.7026e+03
-1.2500e+00   -4.8932e-04   2.5546e+03
-1.3000e+00   -5.9722e-04   2.1768e+03
-1.3500e+00   -6.8738e-04   1.9640e+03
-1.4000e+00   -9.9156e-04   1.4119e+03
-1.4500e+00   -1.0755e-03   1.3482e+03
-1.5000e+00   -1.3092e-03   1.1457e+03
-1.5500e+00   -1.4426e-03   1.0744e+03
-1.6000e+00   -1.5602e-03   1.0255e+03
-1.6500e+00   -1.7916e-03   9.2096e+02
-1.7000e+00   -1.9140e-03   8.8819e+02
-1.7500e+00   -2.0310e-03   8.6164e+02
-1.8000e+00   -2.1568e-03   8.3457e+02
-1.8500e+00   -2.2938e-03   8.0652e+02
-1.9000e+00   -2.4076e-03   7.8917e+02
-1.9500e+00   -2.5276e-03   7.7148e+02
-2.0000e+00   -2.6242e-03   7.6214e+02
-2.0500e+00   -2.7276e-03   7.5158e+02
-2.1000e+00   -2.8224e-03   7.4405e+02
-2.1500e+00   -2.9182e-03   7.3676e+02
-2.2000e+00   -3.0120e-03   7.3041e+02
-2.2500e+00   -3.1200e-03   7.2115e+02
-2.3000e+00   -3.2196e-03   7.1437e+02
-2.3500e+00   -3.3164e-03   7.0860e+02
-2.4000e+00   -3.4018e-03   7.0551e+02
-2.4500e+00   -3.4912e-03   7.0176e+02
-2.5000e+00   -3.5868e-03   6.9700e+02
-2.5500e+00   -3.6914e-03   6.9079e+02
-2.6000e+00   -3.7814e-03   6.8758e+02
-2.6500e+00   -3.8866e-03   6.8183e+02
-2.7000e+00   -3.9976e-03   6.7541e+02
-2.7500e+00   -4.1110e-03   6.6894e+02
-2.8000e+00   -4.2804e-03   6.5414e+02
-2.8500e+00   -4.3640e-03   6.5307e+02
-2.9000e+00   -4.5120e-03   6.4273e+02
-2.9500e+00   -4.6190e-03   6.3867e+02
-3.0000e+00   -4.7948e-03   6.2568e+02
-3.0000e+00   -4.8090e-03   6.2383e+02
-2.9500e+00   -4.7086e-03   6.2651e+02
-2.9000e+00   -4.5820e-03   6.3291e+02
-2.8500e+00   -4.4564e-03   6.3953e+02
-2.8000e+00   -4.3214e-03   6.4794e+02
-2.7500e+00   -4.1984e-03   6.5501e+02
-2.7000e+00   -4.0840e-03   6.6112e+02
-2.6500e+00   -3.9562e-03   6.6983e+02
-2.6000e+00   -3.8294e-03   6.7896e+02
-2.5500e+00   -3.7166e-03   6.8611e+02
-2.5000e+00   -3.5878e-03   6.9681e+02
-2.4500e+00   -3.4694e-03   7.0617e+02
-2.4000e+00   -3.3536e-03   7.1565e+02
-2.3500e+00   -3.2406e-03   7.2517e+02
-2.3000e+00   -3.1210e-03   7.3694e+02
-2.2500e+00   -3.0088e-03   7.4781e+02
-2.2000e+00   -2.8908e-03   7.6104e+02
-2.1500e+00   -2.7806e-03   7.7321e+02
-2.1000e+00   -2.6698e-03   7.8658e+02
-2.0500e+00   -2.5576e-03   8.0153e+02
-2.0000e+00   -2.4482e-03   8.1693e+02
-1.9500e+00   -2.3398e-03   8.3340e+02
-1.9000e+00   -2.2346e-03   8.5026e+02
-1.8500e+00   -2.1300e-03   8.6854e+02
-1.8000e+00   -2.0238e-03   8.8942e+02
-1.7500e+00   -1.9222e-03   9.1042e+02
-1.7000e+00   -1.8216e-03   9.3325e+02
-1.6500e+00   -1.7224e-03   9.5797e+02
-1.6000e+00   -1.6242e-03   9.8510e+02
-1.5500e+00   -1.5278e-03   1.0145e+03
-1.5000e+00   -1.4364e-03   1.0443e+03
-1.4500e+00   -1.3438e-03   1.0790e+03
-1.4000e+00   -1.2556e-03   1.1150e+03
-1.3500e+00   -1.1682e-03   1.1556e+03
-1.3000e+00   -1.0834e-03   1.1999e+03
-1.2500e+00   -1.0012e-03   1.2485e+03
-1.2000e+00   -9.2234e-04   1.3010e+03
-1.1500e+00   -8.4540e-04   1.3603e+03
-1.1000e+00   -7.7402e-04   1.4212e+03
-1.0500e+00   -7.0174e-04   1.4963e+03
-1.0000e+00   -6.3544e-04   1.5737e+03
-9.5000e-01   -5.7232e-04   1.6599e+03
-9.0000e-01   -5.1142e-04   1.7598e+03
-8.5000e-01   -4.5456e-04   1.8699e+03
-8.0000e-01   -4.0140e-04   1.9930e+03
-7.5000e-01   -3.5220e-04   2.1295e+03
-7.0000e-01   -3.0618e-04   2.2862e+03
-6.5000e-01   -2.6472e-04   2.4554e+03
-6.0000e-01   -2.2594e-04   2.6556e+03
-5.5000e-01   -1.9128e-04   2.8754e+03
-5.0000e-01   -1.5950e-04   3.1348e+03
-4.5000e-01   -1.3120e-04   3.4299e+03
-4.0000e-01   -1.0624e-04   3.7651e+03
-3.5000e-01   -8.4566e-05   4.1388e+03
-3.0000e-01   -6.5730e-05   4.5641e+03
-2.5000e-01   -4.9356e-05   5.0652e+03
-2.0000e-01   -3.5482e-05   5.6367e+03
-1.5000e-01   -2.4200e-05   6.1983e+03
-1.0000e-01   -1.4674e-05   6.8148e+03
-5.0000e-02   -6.8187e-06   7.3328e+03
0.0000e+00   2.3870e-08   0.0000e+00
0.0000e+00   2.8226e-08   0.0000e+00
5.0000e-02   6.8206e-06   7.3307e+03
1.0000e-01   1.4330e-05   6.9784e+03
1.5000e-01   2.3362e-05   6.4207e+03
2.0000e-01   3.4176e-05   5.8521e+03
2.5000e-01   4.7066e-05   5.3117e+03
3.0000e-01   6.2300e-05   4.8154e+03
3.5000e-01   8.0056e-05   4.3719e+03
4.0000e-01   1.0017e-04   3.9933e+03
4.5000e-01   1.2158e-04   3.7013e+03
5.0000e-01   1.4688e-04   3.4041e+03
5.5000e-01   1.7530e-04   3.1375e+03
6.0000e-01   2.0904e-04   2.8703e+03
6.5000e-01   2.4262e-04   2.6791e+03
7.0000e-01   2.8418e-04   2.4632e+03
7.5000e-01   3.2668e-04   2.2958e+03
8.0000e-01   3.7286e-04   2.1456e+03
8.5000e-01   4.2388e-04   2.0053e+03
9.0000e-01   4.7778e-04   1.8837e+03
9.5000e-01   5.4250e-04   1.7512e+03
1.0000e+00   5.9856e-04   1.6707e+03
1.0500e+00   6.6002e-04   1.5909e+03
1.1000e+00   7.4792e-04   1.4707e+03
1.1500e+00   8.2768e-04   1.3894e+03
1.2000e+00   9.1988e-04   1.3045e+03
1.2500e+00   1.0032e-03   1.2460e+03
1.3000e+00   1.1087e-03   1.1725e+03
1.3500e+00   1.2236e-03   1.1033e+03
1.4000e+00   1.3100e-03   1.0687e+03
1.4500e+00   1.4110e-03   1.0276e+03
1.5000e+00   1.5220e-03   9.8555e+02
1.5500e+00   1.6264e-03   9.5303e+02
1.6000e+00   1.7402e-03   9.1943e+02
1.6500e+00   1.8558e-03   8.8910e+02
1.7000e+00   1.9696e-03   8.6312e+02
1.7500e+00   2.0848e-03   8.3941e+02
1.8000e+00   2.1962e-03   8.1960e+02
1.8500e+00   2.3194e-03   7.9762e+02
1.9000e+00   2.4168e-03   7.8616e+02
1.9500e+00   2.5228e-03   7.7295e+02
2.0000e+00   2.6008e-03   7.6899e+02
2.0500e+00   2.5838e-03   7.9341e+02
2.1000e+00   2.5046e-03   8.3846e+02
2.1500e+00   2.4628e-03   8.7299e+02
2.2000e+00   2.4214e-03   9.0857e+02
2.2500e+00   2.3608e-03   9.5307e+02
2.3000e+00   2.3298e-03   9.8721e+02
2.3500e+00   2.2244e-03   1.0565e+03
2.4000e+00   2.1358e-03   1.1237e+03
2.4500e+00   2.0976e-03   1.1680e+03
2.5000e+00   2.0170e-03   1.2395e+03
2.5500e+00   1.8830e-03   1.3542e+03
2.6000e+00   1.8232e-03   1.4261e+03
2.6500e+00   1.7984e-03   1.4735e+03
2.7000e+00   1.7838e-03   1.5136e+03
2.7500e+00   1.7934e-03   1.5334e+03
2.7500e+00   1.7768e-03   1.5477e+03
2.7000e+00   1.5824e-03   1.7063e+03
2.6500e+00   1.5112e-03   1.7536e+03
2.6000e+00   1.4238e-03   1.8261e+03
2.5500e+00   1.3622e-03   1.8720e+03
2.5000e+00   1.2520e-03   1.9968e+03
2.4500e+00   1.1988e-03   2.0437e+03
2.4000e+00   1.1212e-03   2.1406e+03
2.3500e+00   1.0760e-03   2.1840e+03
2.3000e+00   1.0080e-03   2.2817e+03
2.2500e+00   9.3546e-04   2.4052e+03
2.2000e+00   8.6870e-04   2.5325e+03
2.1500e+00   8.1948e-04   2.6236e+03
2.1000e+00   7.6910e-04   2.7305e+03
2.0500e+00   7.2854e-04   2.8138e+03
2.0000e+00   6.7658e-04   2.9560e+03
1.9500e+00   6.3414e-04   3.0750e+03
1.9000e+00   5.9096e-04   3.2151e+03
1.8500e+00   5.5252e-04   3.3483e+03
1.8000e+00   5.0712e-04   3.5495e+03
1.7500e+00   4.7110e-04   3.7147e+03
1.7000e+00   4.3678e-04   3.8921e+03
1.6500e+00   4.0348e-04   4.0894e+03
1.6000e+00   3.7126e-04   4.3096e+03
1.5500e+00   3.4252e-04   4.5253e+03
1.5000e+00   3.1456e-04   4.7686e+03
1.4500e+00   2.8888e-04   5.0194e+03
1.4000e+00   2.6590e-04   5.2651e+03
1.3500e+00   2.4296e-04   5.5565e+03
1.3000e+00   2.2454e-04   5.7896e+03
1.2500e+00   2.0520e-04   6.0916e+03
1.2000e+00   1.8798e-04   6.3837e+03
1.1500e+00   1.7212e-04   6.6814e+03
1.1000e+00   1.5612e-04   7.0459e+03
1.0500e+00   1.4224e-04   7.3819e+03
1.0000e+00   1.2992e-04   7.6970e+03
9.5000e-01   1.1778e-04   8.0659e+03
9.0000e-01   1.0658e-04   8.4444e+03
8.5000e-01   9.5822e-05   8.8706e+03
8.0000e-01   8.6320e-05   9.2678e+03
7.5000e-01   7.7698e-05   9.6528e+03
7.0000e-01   6.9232e-05   1.0111e+04
6.5000e-01   6.1292e-05   1.0605e+04
6.0000e-01   5.4548e-05   1.0999e+04
5.5000e-01   4.7834e-05   1.1498e+04
5.0000e-01   4.1006e-05   1.2193e+04
4.5000e-01   3.5198e-05   1.2785e+04
4.0000e-01   3.0058e-05   1.3308e+04
3.5000e-01   2.5092e-05   1.3949e+04
3.0000e-01   2.0468e-05   1.4657e+04
2.5000e-01   1.6486e-05   1.5164e+04
2.0000e-01   1.2526e-05   1.5967e+04
1.5000e-01   9.0331e-06   1.6606e+04
1.0000e-01   5.7333e-06   1.7442e+04
5.0000e-02   2.7931e-06   1.7901e+04
0.0000e+00   1.0501e-08   0.0000e+00
