  Measurement Number     Measurement type
                   9                DC IV

      Measurement ID             SeriesID
       739913.644003                   55

         MeasureMode                Bias1                Bias2
                   2                    2                   -1

                Step  Positive compliance  Negative compliance
                0.05                1e-06                1e-06

  RealMeasuredPoints
                 124

        Bias        Current     Resistance
0.0000e+00   -2.6600e-12   -0.0000e+00
5.0000e-02   6.4000e-13   7.8125e+10
1.0000e-01   1.4800e-12   6.7568e+10
1.5000e-01   -3.8800e-12   -3.8660e+10
2.0000e-01   1.1200e-11   1.7857e+10
2.5000e-01   -2.3200e-12   -1.0776e+11
3.0000e-01   2.4800e-12   1.2097e+11
3.5000e-01   5.7200e-12   6.1189e+10
4.0000e-01   -7.5000e-12   -5.3333e+10
4.5000e-01   8.8100e-12   5.1078e+10
5.0000e-01   9.4000e-13   5.3191e+11
5.5000e-01   2.2500e-12   2.4444e+11
6.0000e-01   7.3300e-12   8.1855e+10
6.5000e-01   -5.5300e-12   -1.1754e+11
7.0000e-01   6.9100e-12   1.0130e+11
7.5000e-01   1.7000e-13   4.4118e+12
8.0000e-01   7.0000e-14   1.1429e+13
8.5000e-01   6.2500e-12   1.3600e+11
9.0000e-01   -8.8900e-12   -1.0124e+11
9.5000e-01   5.6300e-12   1.6874e+11
1.0000e+00   -3.9000e-13   -2.5641e+12
1.0500e+00   1.0000e-06   1.0500e+06
1.1000e+00   1.0000e-06   1.1000e+06
1.1500e+00   1.0000e-06   1.1500e+06
1.2000e+00   1.0000e-06   1.2000e+06
1.2500e+00   1.0000e-06   1.2500e+06
1.3000e+00   1.0000e-06   1.3000e+06
1.3500e+00   1.0001e-06   1.3499e+06
1.4000e+00   1.0001e-06   1.3998e+06
1.4500e+00   1.0001e-06   1.4499e+06
1.5000e+00   1.0000e-06   1.5000e+06
1.5500e+00   1.0000e-06   1.5500e+06
1.6000e+00   1.0000e-06   1.6000e+06
1.6500e+00   1.0000e-06   1.6500e+06
1.7000e+00   1.0000e-06   1.7000e+06
1.7500e+00   1.0000e-06   1.7500e+06
1.8000e+00   1.0000e-06   1.8000e+06
1.8500e+00   1.0000e-06   1.8500e+06
1.9000e+00   1.0000e-06   1.9000e+06
1.9500e+00   1.0000e-06   1.9500e+06
2.0000e+00   1.0000e-06   2.0000e+06
2.0000e+00   1.0000e-06   2.0000e+06
1.9500e+00   1.0000e-06   1.9500e+06
1.9000e+00   1.0000e-06   1.9000e+06
1.8500e+00   1.0000e-06   1.8500e+06
1.8000e+00   1.0000e-06   1.8000e+06
1.7500e+00   1.0000e-06   1.7500e+06
1.7000e+00   1.0000e-06   1.7000e+06
1.6500e+00   1.0000e-06   1.6500e+06
1.6000e+00   1.0000e-06   1.6000e+06
1.5500e+00   1.0000e-06   1.5500e+06
1.5000e+00   1.0000e-06   1.5000e+06
1.4500e+00   1.0000e-06   1.4500e+06
1.4000e+00   1.0000e-06   1.4000e+06
1.3500e+00   1.0000e-06   1.3500e+06
1.3000e+00   1.0000e-06   1.3000e+06
1.2500e+00   1.0000e-06   1.2500e+06
1.2000e+00   1.0000e-06   1.2000e+06
1.1500e+00   9.9998e-07   1.1500e+06
1.1000e+00   1.0000e-06   1.1000e+06
1.0500e+00   1.0000e-06   1.0500e+06
1.0000e+00   1.0000e-06   9.9998e+05
9.5000e-01   1.0000e-06   9.5000e+05
9.0000e-01   1.0000e-06   9.0000e+05
8.5000e-01   1.0000e-06   8.4998e+05
8.0000e-01   1.0000e-06   8.0000e+05
7.5000e-01   1.0000e-06   7.5000e+05
7.0000e-01   1.0000e-06   7.0000e+05
6.5000e-01   1.0000e-06   6.4999e+05
6.0000e-01   1.0000e-06   6.0000e+05
5.5000e-01   9.9998e-07   5.5001e+05
5.0000e-01   9.8076e-07   5.0981e+05
4.5000e-01   1.0000e-06   4.4999e+05
4.0000e-01   1.0000e-06   4.0000e+05
3.5000e-01   8.3664e-07   4.1834e+05
3.0000e-01   6.6880e-07   4.4856e+05
2.5000e-01   5.2322e-07   4.7781e+05
2.0000e-01   4.0156e-07   4.9806e+05
1.5000e-01   2.6486e-07   5.6634e+05
1.0000e-01   1.7258e-07   5.7944e+05
5.0000e-02   3.2721e-08   1.5281e+06
0.0000e+00   -5.3000e-12   -0.0000e+00
0.0000e+00   2.2000e-13   0.0000e+00
-5.0000e-02   -3.3900e-12   1.4749e+10
-1.0000e-01   -1.7700e-12   5.6497e+10
-1.5000e-01   -2.2630e-11   6.6284e+09
-2.0000e-01   -1.1120e-11   1.7986e+10
-2.5000e-01   -2.6600e-12   9.3985e+10
-3.0000e-01   -8.9000e-13   3.3708e+11
-3.5000e-01   2.5300e-12   -1.3834e+11
-4.0000e-01   -1.1640e-11   3.4364e+10
-4.5000e-01   5.7600e-12   -7.8125e+10
-5.0000e-01   -2.1500e-12   2.3256e+11
-5.5000e-01   1.5200e-12   -3.6184e+11
-6.0000e-01   2.9900e-12   -2.0067e+11
-6.5000e-01   -8.8000e-12   7.3864e+10
-7.0000e-01   6.6500e-12   -1.0526e+11
-7.5000e-01   -7.1600e-12   1.0475e+11
-8.0000e-01   -3.3700e-12   2.3739e+11
-8.5000e-01   -1.5200e-12   5.5921e+11
-9.0000e-01   -4.6000e-12   1.9565e+11
-9.5000e-01   9.5900e-12   -9.9062e+10
-1.0000e+00   -7.5100e-12   1.3316e+11
-1.0000e+00   1.8000e-13   -5.5556e+12
-9.5000e-01   -3.3600e-12   2.8274e+11
-9.0000e-01   8.4200e-12   -1.0689e+11
-8.5000e-01   -1.0300e-11   8.2524e+10
-8.0000e-01   2.8900e-12   -2.7682e+11
-7.5000e-01   -1.4000e-13   5.3571e+12
-7.0000e-01   -7.7000e-13   9.0909e+11
-6.5000e-01   6.0900e-12   -1.0673e+11
-6.0000e-01   -9.1100e-12   6.5862e+10
-5.5000e-01   7.8000e-12   -7.0513e+10
-5.0000e-01   1.1900e-12   -4.2017e+11
-4.5000e-01   2.5900e-12   -1.7375e+11
-4.0000e-01   2.0400e-12   -1.9608e+11
-3.5000e-01   -3.2800e-12   1.0671e+11
-3.0000e-01   1.0950e-11   -2.7397e+10
-2.5000e-01   -3.0600e-12   8.1699e+10
-2.0000e-01   2.8900e-12   -6.9204e+10
-1.5000e-01   5.9300e-12   -2.5295e+10
-1.0000e-01   -7.2300e-12   1.3831e+10
-5.0000e-02   9.0500e-12   -5.5249e+09
0.0000e+00   -4.8700e-12   -0.0000e+00
