  Measurement Number     Measurement type
                   1                DC IV

      Measurement ID             SeriesID
       739963.715569                    0

         MeasureMode                Bias1                Bias2
                   2                   -3                    3

                Step  Positive compliance  Negative compliance
                0.05                  0.1                  0.1

  RealMeasuredPoints
                 244

        Bias        Current     Resistance
0.0000e+00   3.0492e-09   0.0000e+00
-5.0000e-02   -2.0016e-05   2.4980e+03
-1.0000e-01   -4.0112e-05   2.4930e+03
-1.5000e-01   -6.0444e-05   2.4816e+03
-2.0000e-01   -8.1812e-05   2.4446e+03
-2.5000e-01   -1.0180e-04   2.4557e+03
-3.0000e-01   -1.2520e-04   2.3962e+03
-3.5000e-01   -1.4664e-04   2.3868e+03
-4.0000e-01   -1.6470e-04   2.4287e+03
-4.5000e-01   -1.8850e-04   2.3873e+03
-5.0000e-01   -2.1156e-04   2.3634e+03
-5.5000e-01   -2.3336e-04   2.3569e+03
-6.0000e-01   -2.4576e-04   2.4414e+03
-6.5000e-01   -2.6880e-04   2.4182e+03
-7.0000e-01   -2.8528e-04   2.4537e+03
-7.5000e-01   -3.1392e-04   2.3891e+03
-8.0000e-01   -3.2658e-04   2.4496e+03
-8.5000e-01   -3.4752e-04   2.4459e+03
-9.0000e-01   -3.8880e-04   2.3148e+03
-9.5000e-01   -4.4774e-04   2.1218e+03
-1.0000e+00   -4.8814e-04   2.0486e+03
-1.0500e+00   -5.3020e-04   1.9804e+03
-1.1000e+00   -5.6966e-04   1.9310e+03
-1.1500e+00   -6.1240e-04   1.8779e+03
-1.2000e+00   -6.5404e-04   1.8348e+03
-1.2500e+00   -6.8238e-04   1.8318e+03
-1.3000e+00   -7.0522e-04   1.8434e+03
-1.3500e+00   -6.8162e-04   1.9806e+03
-1.4000e+00   -6.8188e-04   2.0531e+03
-1.4500e+00   -7.0298e-04   2.0626e+03
-1.5000e+00   -7.3964e-04   2.0280e+03
-1.5500e+00   -7.9416e-04   1.9517e+03
-1.6000e+00   -8.3934e-04   1.9063e+03
-1.6500e+00   -8.8322e-04   1.8682e+03
-1.7000e+00   -9.1770e-04   1.8525e+03
-1.7500e+00   -9.7144e-04   1.8014e+03
-1.8000e+00   -1.1828e-03   1.5218e+03
-1.8500e+00   -1.2318e-03   1.5019e+03
-1.9000e+00   -1.2954e-03   1.4667e+03
-1.9500e+00   -1.3542e-03   1.4400e+03
-2.0000e+00   -1.4394e-03   1.3895e+03
-2.0500e+00   -1.5028e-03   1.3641e+03
-2.1000e+00   -1.6582e-03   1.2664e+03
-2.1500e+00   -1.7172e-03   1.2520e+03
-2.2000e+00   -1.7956e-03   1.2252e+03
-2.2500e+00   -1.8668e-03   1.2053e+03
-2.3000e+00   -1.9138e-03   1.2018e+03
-2.3500e+00   -2.2574e-03   1.0410e+03
-2.4000e+00   -2.3178e-03   1.0355e+03
-2.4500e+00   -2.3980e-03   1.0217e+03
-2.5000e+00   -2.5030e-03   9.9880e+02
-2.5500e+00   -2.5530e-03   9.9882e+02
-2.6000e+00   -2.6002e-03   9.9992e+02
-2.6500e+00   -2.6990e-03   9.8185e+02
-2.7000e+00   -2.8034e-03   9.6312e+02
-2.7500e+00   -2.8562e-03   9.6282e+02
-2.8000e+00   -2.9200e-03   9.5890e+02
-2.8500e+00   -3.3770e-03   8.4394e+02
-2.9000e+00   -3.4672e-03   8.3641e+02
-2.9500e+00   -3.5484e-03   8.3136e+02
-3.0000e+00   -3.6104e-03   8.3093e+02
-3.0000e+00   -3.6152e-03   8.2983e+02
-2.9500e+00   -3.5490e-03   8.3122e+02
-2.9000e+00   -3.4850e-03   8.3214e+02
-2.8500e+00   -3.3818e-03   8.4275e+02
-2.8000e+00   -3.3252e-03   8.4205e+02
-2.7500e+00   -3.2636e-03   8.4263e+02
-2.7000e+00   -3.1772e-03   8.4980e+02
-2.6500e+00   -3.1014e-03   8.5445e+02
-2.6000e+00   -3.0350e-03   8.5667e+02
-2.5500e+00   -2.9538e-03   8.6329e+02
-2.5000e+00   -2.8858e-03   8.6631e+02
-2.4500e+00   -2.8126e-03   8.7108e+02
-2.4000e+00   -2.7454e-03   8.7419e+02
-2.3500e+00   -2.6708e-03   8.7989e+02
-2.3000e+00   -2.6028e-03   8.8366e+02
-2.2500e+00   -2.5272e-03   8.9031e+02
-2.2000e+00   -2.4502e-03   8.9789e+02
-2.1500e+00   -2.3766e-03   9.0465e+02
-2.1000e+00   -2.3150e-03   9.0713e+02
-2.0500e+00   -2.2432e-03   9.1387e+02
-2.0000e+00   -2.1712e-03   9.2115e+02
-1.9500e+00   -2.1000e-03   9.2857e+02
-1.9000e+00   -2.0354e-03   9.3348e+02
-1.8500e+00   -1.9672e-03   9.4042e+02
-1.8000e+00   -1.8980e-03   9.4837e+02
-1.7500e+00   -1.8274e-03   9.5764e+02
-1.7000e+00   -1.7632e-03   9.6416e+02
-1.6500e+00   -1.6946e-03   9.7368e+02
-1.6000e+00   -1.6294e-03   9.8196e+02
-1.5500e+00   -1.5652e-03   9.9029e+02
-1.5000e+00   -1.5032e-03   9.9787e+02
-1.4500e+00   -1.4388e-03   1.0078e+03
-1.4000e+00   -1.3776e-03   1.0163e+03
-1.3500e+00   -1.3158e-03   1.0260e+03
-1.3000e+00   -1.2562e-03   1.0349e+03
-1.2500e+00   -1.1942e-03   1.0467e+03
-1.2000e+00   -1.1342e-03   1.0580e+03
-1.1500e+00   -1.0774e-03   1.0674e+03
-1.1000e+00   -1.0186e-03   1.0799e+03
-1.0500e+00   -9.6070e-04   1.0930e+03
-1.0000e+00   -9.0570e-04   1.1041e+03
-9.5000e-01   -8.4922e-04   1.1187e+03
-9.0000e-01   -7.9486e-04   1.1323e+03
-8.5000e-01   -7.4166e-04   1.1461e+03
-8.0000e-01   -6.8900e-04   1.1611e+03
-7.5000e-01   -6.3762e-04   1.1762e+03
-7.0000e-01   -5.8748e-04   1.1915e+03
-6.5000e-01   -5.3828e-04   1.2075e+03
-6.0000e-01   -4.9016e-04   1.2241e+03
-5.5000e-01   -4.4318e-04   1.2410e+03
-5.0000e-01   -3.9756e-04   1.2577e+03
-4.5000e-01   -3.5298e-04   1.2749e+03
-4.0000e-01   -3.0924e-04   1.2935e+03
-3.5000e-01   -2.6688e-04   1.3115e+03
-3.0000e-01   -2.2562e-04   1.3297e+03
-2.5000e-01   -1.8536e-04   1.3487e+03
-2.0000e-01   -1.4624e-04   1.3676e+03
-1.5000e-01   -1.0824e-04   1.3858e+03
-1.0000e-01   -7.1508e-05   1.3984e+03
-5.0000e-02   -3.5462e-05   1.4100e+03
0.0000e+00   9.3310e-09   0.0000e+00
0.0000e+00   1.2470e-08   0.0000e+00
5.0000e-02   3.5382e-05   1.4131e+03
1.0000e-01   7.1254e-05   1.4034e+03
1.5000e-01   1.0781e-04   1.3914e+03
2.0000e-01   1.4532e-04   1.3763e+03
2.5000e-01   1.8386e-04   1.3597e+03
3.0000e-01   2.2352e-04   1.3422e+03
3.5000e-01   2.6354e-04   1.3281e+03
4.0000e-01   3.0510e-04   1.3110e+03
4.5000e-01   3.4804e-04   1.2930e+03
5.0000e-01   3.9098e-04   1.2788e+03
5.5000e-01   4.3522e-04   1.2637e+03
6.0000e-01   4.7892e-04   1.2528e+03
6.5000e-01   5.2268e-04   1.2436e+03
7.0000e-01   5.6604e-04   1.2367e+03
7.5000e-01   6.1290e-04   1.2237e+03
8.0000e-01   6.6160e-04   1.2092e+03
8.5000e-01   7.1400e-04   1.1905e+03
9.0000e-01   7.6168e-04   1.1816e+03
9.5000e-01   8.1374e-04   1.1674e+03
1.0000e+00   8.6972e-04   1.1498e+03
1.0500e+00   9.2408e-04   1.1363e+03
1.1000e+00   9.7870e-04   1.1239e+03
1.1500e+00   1.0320e-03   1.1143e+03
1.2000e+00   1.0855e-03   1.1055e+03
1.2500e+00   1.1440e-03   1.0926e+03
1.3000e+00   1.2316e-03   1.0555e+03
1.3500e+00   1.2910e-03   1.0457e+03
1.4000e+00   1.3534e-03   1.0344e+03
1.4500e+00   1.4158e-03   1.0242e+03
1.5000e+00   1.4816e-03   1.0124e+03
1.5500e+00   1.5622e-03   9.9219e+02
1.6000e+00   1.6326e-03   9.8003e+02
1.6500e+00   1.7086e-03   9.6570e+02
1.7000e+00   1.7840e-03   9.5291e+02
1.7500e+00   1.8612e-03   9.4025e+02
1.8000e+00   1.9372e-03   9.2918e+02
1.8500e+00   2.0128e-03   9.1912e+02
1.9000e+00   2.0840e-03   9.1171e+02
1.9500e+00   2.1648e-03   9.0078e+02
2.0000e+00   2.2398e-03   8.9294e+02
2.0500e+00   2.3188e-03   8.8408e+02
2.1000e+00   2.3928e-03   8.7763e+02
2.1500e+00   2.4580e-03   8.7469e+02
2.2000e+00   2.5320e-03   8.6888e+02
2.2500e+00   2.5992e-03   8.6565e+02
2.3000e+00   2.4566e-03   9.3625e+02
2.3500e+00   3.7224e-04   6.3131e+03
2.4000e+00   4.0728e-04   5.8928e+03
2.4500e+00   3.9170e-04   6.2548e+03
2.5000e+00   3.6394e-04   6.8693e+03
2.5500e+00   3.7958e-04   6.7180e+03
2.6000e+00   5.3388e-05   4.8700e+04
2.6500e+00   4.3106e-05   6.1476e+04
2.7000e+00   4.5376e-05   5.9503e+04
2.7500e+00   4.3468e-05   6.3265e+04
2.8000e+00   3.6448e-05   7.6822e+04
2.8500e+00   1.7792e-05   1.6018e+05
2.9000e+00   2.5738e-05   1.1267e+05
2.9500e+00   3.0910e-05   9.5438e+04
3.0000e+00   3.1422e-05   9.5475e+04
3.0000e+00   3.1932e-05   9.3950e+04
2.9500e+00   3.9512e-05   7.4661e+04
2.9000e+00   4.8474e-05   5.9826e+04
2.8500e+00   4.9484e-05   5.7594e+04
2.8000e+00   4.9914e-05   5.6096e+04
2.7500e+00   5.5610e-05   4.9452e+04
2.7000e+00   5.5836e-05   4.8356e+04
2.6500e+00   5.2912e-05   5.0083e+04
2.6000e+00   5.2426e-05   4.9594e+04
2.5500e+00   5.0802e-05   5.0195e+04
2.5000e+00   5.2404e-05   4.7706e+04
2.4500e+00   4.9020e-05   4.9980e+04
2.4000e+00   4.9694e-05   4.8296e+04
2.3500e+00   5.0688e-05   4.6362e+04
2.3000e+00   4.2674e-05   5.3897e+04
2.2500e+00   4.9206e-05   4.5726e+04
2.2000e+00   4.9966e-05   4.4030e+04
2.1500e+00   4.7614e-05   4.5155e+04
2.1000e+00   4.7508e-05   4.4203e+04
2.0500e+00   4.3660e-05   4.6954e+04
2.0000e+00   4.3528e-05   4.5947e+04
1.9500e+00   4.3984e-05   4.4334e+04
1.9000e+00   2.9926e-05   6.3490e+04
1.8500e+00   2.9430e-05   6.2861e+04
1.8000e+00   2.5438e-05   7.0760e+04
1.7500e+00   2.4790e-05   7.0593e+04
1.7000e+00   2.2432e-05   7.5785e+04
1.6500e+00   2.0704e-05   7.9695e+04
1.6000e+00   1.8656e-05   8.5763e+04
1.5500e+00   2.0396e-05   7.5995e+04
1.5000e+00   1.8374e-05   8.1637e+04
1.4500e+00   1.6312e-05   8.8892e+04
1.4000e+00   6.5226e-05   2.1464e+04
1.3500e+00   1.5686e-05   8.6064e+04
1.3000e+00   1.4978e-05   8.6794e+04
1.2500e+00   1.4086e-05   8.8741e+04
1.2000e+00   1.2466e-05   9.6262e+04
1.1500e+00   1.0936e-05   1.0516e+05
1.1000e+00   1.0536e-05   1.0440e+05
1.0500e+00   9.2080e-06   1.1403e+05
1.0000e+00   8.2717e-06   1.2089e+05
9.5000e-01   7.5460e-06   1.2589e+05
9.0000e-01   7.1188e-06   1.2643e+05
8.5000e-01   6.2107e-06   1.3686e+05
8.0000e-01   5.5317e-06   1.4462e+05
7.5000e-01   5.4809e-06   1.3684e+05
7.0000e-01   4.6563e-06   1.5033e+05
6.5000e-01   4.4423e-06   1.4632e+05
6.0000e-01   4.0962e-06   1.4648e+05
5.5000e-01   3.3664e-06   1.6338e+05
5.0000e-01   3.1757e-06   1.5745e+05
4.5000e-01   2.6788e-06   1.6799e+05
4.0000e-01   3.0502e-05   1.3114e+04
3.5000e-01   2.9272e-05   1.1957e+04
3.0000e-01   2.2852e-05   1.3128e+04
2.5000e-01   1.9122e-05   1.3074e+04
2.0000e-01   1.3872e-05   1.4418e+04
1.5000e-01   1.1536e-05   1.3003e+04
1.0000e-01   7.5010e-06   1.3332e+04
5.0000e-02   2.5466e-06   1.9634e+04
0.0000e+00   -1.1450e-10   -0.0000e+00
