
Time,Voltage,Current
5e-09,-0.000224321,2.4044e-07
1.5e-08,-0.00166442,9.96312e-08
2.5e-08,-0.000944372,3.10844e-07
3.5e-08,-0.00166442,2.9227e-08
4.5e-08,-0.00166442,-1.44926e-06
5.5e-08,-0.00166442,-1.87169e-06
6.5e-08,-0.000224321,-1.51967e-06
7.5e-08,-0.000944372,-1.37886e-06
8.5e-08,-0.00310453,3.10844e-07
9.5e-08,-0.000944372,5.22057e-07
1.05e-07,-0.000224321,8.74078e-07
1.15e-07,-0.000224321,2.00055e-06
1.25e-07,0.000495731,2.42297e-06
1.35e-07,-0.00238447,1.71893e-06
1.45e-07,-0.000944372,2.4044e-07
1.55e-07,-0.000224321,-7.45219e-07
1.65e-07,-0.00166442,-6.74815e-07
1.75e-07,-0.00166442,-1.02684e-06
1.85e-07,-0.000944372,-7.45219e-07
1.95e-07,-0.00238447,9.96312e-08
2.05e-07,0.000495731,9.44482e-07
2.15e-07,0.000495731,4.51652e-07
2.25e-07,-0.000224321,-3.22794e-07
2.35e-07,0.00265588,-1.09724e-06
2.45e-07,-0.000944372,-1.16764e-06
2.55e-07,-0.000224321,3.10844e-07
2.65e-07,0.000495731,-3.93198e-07
2.75e-07,-0.000944372,-1.66047e-06
2.85e-07,0.000495731,-1.37886e-06
2.95e-07,-0.00238447,-5.34007e-07
3.05e-07,0.000495731,-3.22794e-07
3.15e-07,0.00193583,-9.56432e-07
3.25e-07,-0.00238447,-1.16764e-06
3.35e-07,-0.00166442,-6.04411e-07
3.45e-07,-0.00166442,-5.34007e-07
3.55e-07,0.00121578,-1.11581e-07
3.65e-07,-0.000224321,-8.15624e-07
3.75e-07,-0.000224321,-1.02684e-06
3.85e-07,-0.00166442,-1.81986e-07
3.95e-07,-0.000944372,5.22057e-07
4.05e-07,-0.000224321,5.92461e-07
4.15e-07,0.00193583,3.81248e-07
4.25e-07,-0.000224321,1.70035e-07
4.35e-07,-0.000224321,2.9227e-08
4.45e-07,0.00121578,-5.34007e-07
4.55e-07,0.000495731,-4.63602e-07
4.65e-07,-0.00310453,-1.11581e-07
4.75e-07,-0.000944372,-6.74815e-07
4.85e-07,-0.00310453,-1.09724e-06
4.95e-07,-0.00382458,-2.0829e-06
5.05e-07,-0.000944372,-2.78694e-06
5.15e-07,-0.00238447,-3.06856e-06
5.25e-07,-0.000224321,-2.29411e-06
5.35e-07,0.00193583,-1.51967e-06
5.45e-07,-0.00238447,-7.45219e-07
5.55e-07,-0.00166442,-6.74815e-07
5.65e-07,-0.00166442,-7.45219e-07
5.75e-07,-0.00238447,-1.11581e-07
5.85e-07,0.00121578,-1.11581e-07
5.95e-07,-0.00238447,6.62865e-07
6.05e-07,-0.000944372,5.92461e-07
6.15e-07,0.00121578,8.74078e-07
6.25e-07,-0.00238447,5.92461e-07
6.35e-07,0.00121578,-2.5239e-07
6.45e-07,0.000495731,-3.93198e-07
6.55e-07,-0.00310453,-5.34007e-07
6.65e-07,-0.00238447,-4.63602e-07
6.75e-07,0.00265588,-1.59007e-06
6.85e-07,-0.000224321,-1.02684e-06
6.95e-07,0.000495731,-8.15624e-07
7.05e-07,-0.00238447,-4.63602e-07
7.15e-07,-0.000224321,-8.15624e-07
7.25e-07,-0.00310453,-1.51967e-06
7.35e-07,-0.00310453,-8.86028e-07
7.45e-07,-0.00238447,2.4044e-07
7.55e-07,-0.000944372,-2.5239e-07
7.65e-07,-0.00310453,-1.44926e-06
7.75e-07,-0.00166442,-1.66047e-06
7.85e-07,-0.00166442,-3.22794e-07
7.95e-07,-0.00166442,1.70035e-07
8.05e-07,-0.000944372,3.81248e-07
8.15e-07,-0.000224321,2.4044e-07
8.25e-07,0.00265588,2.4044e-07
8.35e-07,-0.000944372,1.70035e-07
8.45e-07,0.000495731,-8.86028e-07
8.55e-07,0.000495731,-9.56432e-07
8.65e-07,-0.000944372,-1.16764e-06
8.75e-07,-0.00238447,-6.04411e-07
8.85e-07,-0.000944372,7.33269e-07
8.95e-07,-0.000944372,8.74078e-07
9.05e-07,-0.00310453,-3.22794e-07
9.15e-07,0.00193583,-1.87169e-06
9.25e-07,-0.00166442,-1.51967e-06
9.35e-07,-0.000944372,-1.51967e-06
9.45e-07,-0.00238447,-5.34007e-07
9.55e-07,0.000495731,4.51652e-07
9.65e-07,-0.00166442,6.62865e-07
9.75e-07,-0.000944372,-3.22794e-07
9.85e-07,-0.000944372,-1.37886e-06
9.95e-07,-0.00382458,-1.51967e-06
1.005e-06,0.0307379,-4.63602e-07
1.015e-06,0.276995,-1.09724e-06
1.025e-06,0.657903,-4.04532e-05
1.035e-06,1.05753,-0.000211465
1.045e-06,1.4298,-0.00055018
1.055e-06,1.81359,-0.00102224
1.065e-06,2.21681,-0.00114348
1.075e-06,2.62868,-0.00114348
1.085e-06,3.03407,-0.00114348
1.095e-06,3.4373,-0.00114348
1.105e-06,3.80021,-0.00114348
1.115e-06,3.95646,-0.00114348
1.125e-06,3.97158,-0.00114348
1.135e-06,3.97878,-0.00114348
1.145e-06,4.01622,-0.00114348
1.155e-06,4.0335,-0.00114348
1.165e-06,4.03062,-0.00114348
1.175e-06,4.02054,-0.00114348
1.185e-06,4.01334,-0.00114348
1.195e-06,4.02054,-0.00114348
1.205e-06,4.02342,-0.00114348
1.215e-06,4.02486,-0.00114348
1.225e-06,4.02558,-0.00114348
1.235e-06,4.02702,-0.00114348
1.245e-06,4.02342,-0.00114348
1.255e-06,4.02342,-0.00114348
1.265e-06,4.0227,-0.00114348
1.275e-06,4.02702,-0.00114348
1.285e-06,4.0263,-0.00114348
1.295e-06,4.02486,-0.00114348
1.305e-06,4.0263,-0.00114348
1.315e-06,4.02774,-0.00114348
1.325e-06,4.0299,-0.00114348
1.335e-06,4.02702,-0.00114348
1.345e-06,4.02342,-0.00114348
1.355e-06,4.02774,-0.00114348
1.365e-06,4.0299,-0.00114348
1.375e-06,4.0263,-0.00114348
1.385e-06,4.02774,-0.00114348
1.395e-06,4.02774,-0.00114348
1.405e-06,4.02918,-0.00114348
1.415e-06,4.02774,-0.00114348
1.425e-06,4.03206,-0.00114348
1.435e-06,4.03134,-0.00114348
1.445e-06,4.02846,-0.00114348
1.455e-06,4.03206,-0.000770545
1.465e-06,4.02846,-0.000347697
1.475e-06,4.03206,-0.000348542
1.485e-06,4.03206,-0.000991544
1.495e-06,4.03134,-0.00114348
1.505e-06,4.03062,-0.00114348
1.515e-06,4.02846,-0.00114348
1.525e-06,4.02918,-0.00114348
1.535e-06,4.03062,-0.00114348
1.545e-06,4.02918,-0.00114348
1.555e-06,4.0299,-0.00114348
1.565e-06,4.03062,-0.00114348
1.575e-06,4.03206,-0.00114348
1.585e-06,4.03206,-0.00114348
1.595e-06,4.03206,-0.00114348
1.605e-06,4.01622,-0.00114348
1.615e-06,3.88877,-0.00114348
1.625e-06,3.69148,-0.00114348
1.635e-06,3.49779,-0.00114348
1.645e-06,3.31705,-0.00110011
1.655e-06,3.11976,-0.000818631
1.665e-06,2.91094,-0.000439293
1.675e-06,2.70645,-2.64613e-06
1.685e-06,2.50699,0.000454207
1.695e-06,2.30682,0.000903597
1.705e-06,2.12393,0.00115339
1.715e-06,2.04544,0.00115339
1.725e-06,2.03968,0.00115339
1.735e-06,2.03248,0.00115339
1.745e-06,2.0188,0.00115339
1.755e-06,2.00656,0.00115339
1.765e-06,2.01736,0.00115339
1.775e-06,2.0224,0.00115339
1.785e-06,2.02312,0.00115339
1.795e-06,2.02024,0.00115339
1.805e-06,2.01736,0.00115339
1.815e-06,2.01448,0.00115339
1.825e-06,2.01952,0.00100625
1.835e-06,2.02312,0.000835446
1.845e-06,2.02024,0.000663448
1.855e-06,2.02096,0.000525526
1.865e-06,2.01952,0.000412668
1.875e-06,2.02096,0.000321565
1.885e-06,2.02384,0.000249049
1.895e-06,2.0224,0.000190754
1.905e-06,2.02168,0.000144287
1.915e-06,2.0224,0.00010641
1.925e-06,2.02312,7.81075e-05
1.935e-06,2.0224,5.73383e-05
1.945e-06,2.01952,4.36094e-05
1.955e-06,2.02168,3.26968e-05
1.965e-06,2.02312,2.38963e-05
1.975e-06,2.02312,1.84047e-05
1.985e-06,2.02312,1.62222e-05
1.995e-06,2.0188,1.50957e-05
2.005e-06,2.02168,1.41101e-05
2.015e-06,2.01952,1.35468e-05
2.025e-06,2.02096,1.25612e-05
2.035e-06,2.02168,1.22796e-05
2.045e-06,2.02024,1.3054e-05
2.055e-06,2.02096,1.32652e-05
2.065e-06,2.0188,1.31244e-05
2.075e-06,2.02024,1.22092e-05
2.085e-06,2.02168,1.11531e-05
2.095e-06,2.02168,9.5338e-06
2.105e-06,2.02096,8.40733e-06
2.115e-06,2.02024,7.21046e-06
2.125e-06,2.02168,7.21046e-06
2.135e-06,2.02024,7.28086e-06
2.145e-06,2.02096,6.71763e-06
2.155e-06,2.0188,6.15439e-06
2.165e-06,2.0188,5.59116e-06
2.175e-06,2.02024,5.02793e-06
2.185e-06,2.02168,3.97186e-06
2.195e-06,2.0224,3.90146e-06
2.205e-06,2.02096,4.11267e-06
2.215e-06,2.01952,3.69025e-06
2.225e-06,2.01952,3.12701e-06
2.235e-06,2.01808,1.50772e-06
2.245e-06,2.0152,7.33269e-07
2.255e-06,2.0188,6.62865e-07
2.265e-06,2.01736,7.33269e-07
2.275e-06,2.01952,6.62865e-07
2.285e-06,2.01736,5.22057e-07
2.295e-06,2.0188,1.08529e-06
2.305e-06,2.01952,1.08529e-06
2.315e-06,2.0188,2.9227e-08
2.325e-06,2.0188,-3.93198e-07
2.335e-06,2.02024,-1.02684e-06
2.345e-06,2.0152,-2.0829e-06
2.355e-06,2.02024,-3.27977e-06
2.365e-06,2.01952,-3.06856e-06
2.375e-06,2.01952,-2.78694e-06
2.385e-06,2.02024,-3.7022e-06
2.395e-06,2.02168,-3.49098e-06
2.405e-06,2.01664,-4.12462e-06
2.415e-06,2.01592,-4.40624e-06
2.425e-06,2.02096,-3.63179e-06
2.435e-06,2.01952,-2.92775e-06
2.445e-06,2.01736,-1.80128e-06
2.455e-06,2.0188,-1.87169e-06
2.465e-06,2.01664,-3.06856e-06
2.475e-06,2.01592,-3.7022e-06
2.485e-06,2.01808,-3.20937e-06
2.495e-06,2.01736,-2.92775e-06
2.505e-06,2.01736,-3.06856e-06
2.515e-06,2.01592,-3.42058e-06
2.525e-06,2.01952,-3.27977e-06
2.535e-06,2.02024,-4.12462e-06
2.545e-06,2.01808,-4.61745e-06
2.555e-06,2.0188,-3.98381e-06
2.565e-06,2.01592,-3.63179e-06
2.575e-06,2.01808,-3.20937e-06
2.585e-06,2.0188,-3.20937e-06
2.595e-06,2.0188,-3.27977e-06
2.605e-06,2.01592,-4.89907e-06
2.615e-06,2.01664,-5.32149e-06
2.625e-06,2.0188,-4.54705e-06
2.635e-06,2.01808,-4.12462e-06
2.645e-06,2.01664,-3.56139e-06
2.655e-06,2.01736,-4.26543e-06
2.665e-06,2.0152,-5.25109e-06
2.675e-06,2.01808,-5.3919e-06
2.685e-06,2.02024,-5.03988e-06
2.695e-06,2.02024,-4.33583e-06
2.705e-06,2.0152,-3.63179e-06
2.715e-06,2.02024,-2.85735e-06
2.725e-06,2.02024,-2.57573e-06
2.735e-06,2.0188,-2.71654e-06
2.745e-06,2.0188,-3.35018e-06
2.755e-06,2.01664,-4.19503e-06
2.765e-06,2.0188,-4.40624e-06
2.775e-06,2.0188,-3.7726e-06
2.785e-06,2.01808,-2.50532e-06
2.795e-06,2.02024,-2.78694e-06
2.805e-06,2.01952,-5.11028e-06
2.815e-06,2.01808,-5.67351e-06
2.825e-06,2.0188,-5.03988e-06
2.835e-06,2.01664,-4.12462e-06
2.845e-06,2.01736,-4.12462e-06
2.855e-06,2.01952,-4.47664e-06
2.865e-06,2.01592,-4.05422e-06
2.875e-06,2.01952,-4.68786e-06
2.885e-06,2.01736,-5.11028e-06
2.895e-06,2.01664,-5.25109e-06
2.905e-06,2.0188,-5.11028e-06
2.915e-06,2.01664,-4.05422e-06
2.925e-06,2.0188,-4.12462e-06
2.935e-06,2.0188,-4.89907e-06
2.945e-06,2.01736,-5.18069e-06
2.955e-06,2.01952,-5.67351e-06
2.965e-06,2.01664,-4.96947e-06
2.975e-06,2.0188,-3.63179e-06
2.985e-06,2.01664,-3.27977e-06
2.995e-06,2.01592,-3.56139e-06
3.005e-06,2.01664,-4.47664e-06
3.015e-06,2.01808,-5.4623e-06
3.025e-06,2.01592,-5.74392e-06
3.035e-06,2.01664,-5.53271e-06
3.045e-06,2.01952,-5.60311e-06
3.055e-06,2.01664,-5.25109e-06
3.065e-06,2.0188,-4.89907e-06
3.075e-06,2.01664,-4.12462e-06
3.085e-06,2.01448,-4.33583e-06
3.095e-06,2.01664,-4.68786e-06
3.105e-06,2.01952,-4.33583e-06
3.115e-06,2.02024,-3.91341e-06
3.125e-06,2.01592,-3.98381e-06
3.135e-06,2.01592,-4.61745e-06
3.145e-06,2.01664,-5.18069e-06
3.155e-06,2.0188,-5.18069e-06
3.165e-06,2.0152,-5.18069e-06
3.175e-06,2.01808,-4.61745e-06
3.185e-06,2.01592,-3.7726e-06
3.195e-06,2.01592,-4.26543e-06
3.205e-06,2.01664,-5.88473e-06
3.215e-06,2.01592,-6.72958e-06
3.225e-06,2.01952,-6.16634e-06
3.235e-06,2.01664,-5.74392e-06
3.245e-06,2.01808,-5.53271e-06
3.255e-06,2.01664,-5.4623e-06
3.265e-06,2.0152,-6.51836e-06
3.275e-06,2.01592,-5.88473e-06
3.285e-06,2.0188,-5.03988e-06
3.295e-06,2.01736,-5.4623e-06
3.305e-06,2.02096,-6.37756e-06
3.315e-06,2.01664,-5.95513e-06
3.325e-06,2.01664,-6.16634e-06
3.335e-06,2.01664,-5.81432e-06
3.345e-06,2.01664,-5.18069e-06
3.355e-06,2.0152,-4.82866e-06
3.365e-06,2.01952,-4.54705e-06
3.375e-06,2.01808,-4.05422e-06
3.385e-06,2.01952,-4.19503e-06
3.395e-06,2.01448,-3.35018e-06
3.405e-06,2.01664,-4.05422e-06
3.415e-06,2.01376,-5.11028e-06
3.425e-06,2.0188,-5.4623e-06
3.435e-06,2.01592,-5.67351e-06
3.445e-06,2.01664,-5.74392e-06
3.455e-06,2.0188,-5.74392e-06
3.465e-06,2.01736,-5.74392e-06
3.475e-06,2.0188,-5.4623e-06
3.485e-06,2.0152,-5.3919e-06
3.495e-06,2.01808,-5.60311e-06
3.505e-06,2.0188,-4.61745e-06
3.515e-06,2.01664,-4.40624e-06
3.525e-06,2.01808,-4.40624e-06
3.535e-06,2.01592,-4.54705e-06
3.545e-06,2.01448,-4.05422e-06
3.555e-06,2.01808,-4.33583e-06
3.565e-06,2.01736,-5.25109e-06
3.575e-06,2.01736,-5.60311e-06
3.585e-06,2.02168,-5.53271e-06
3.595e-06,2.01592,-5.81432e-06
3.605e-06,2.0152,-5.53271e-06
3.615e-06,2.01808,-6.16634e-06
3.625e-06,2.0188,-6.37756e-06
3.635e-06,2.0188,-5.88473e-06
3.645e-06,2.01304,-5.53271e-06
3.655e-06,2.01592,-5.18069e-06
3.665e-06,2.01592,-4.61745e-06
3.675e-06,2.01808,-4.68786e-06
3.685e-06,2.01952,-5.25109e-06
3.695e-06,2.01664,-4.89907e-06
3.705e-06,2.00152,-4.89907e-06
3.715e-06,1.87407,-4.19503e-06
3.725e-06,1.68398,1.72783e-05
3.735e-06,1.48596,0.000110986
3.745e-06,1.29875,0.00029981
3.755e-06,1.10577,0.000576217
3.765e-06,0.89984,0.000929365
3.775e-06,0.693185,0.00115339
3.785e-06,0.492291,0.00115339
3.795e-06,0.292117,0.00115339
3.805e-06,0.109944,0.00115339
3.815e-06,0.0300178,0.00115339
3.825e-06,0.0256975,0.00115339
3.835e-06,0.017777,0.00115339
3.845e-06,0.00697619,0.00115339
3.855e-06,-0.00598473,0.00115339
3.865e-06,-0.000944372,0.00115339
3.875e-06,0.00409599,0.00115339
3.885e-06,0.0098564,0.00115339
3.895e-06,0.00409599,0.00115339
3.905e-06,0.00265588,0.00115339
3.915e-06,0.00121578,0.00115339
3.925e-06,0.00337594,0.00115339
3.935e-06,0.00121578,0.00115339
3.945e-06,0.00625614,0.00115339
3.955e-06,0.00697619,0.0010625
3.965e-06,0.00697619,0.000918804
3.975e-06,0.00481604,0.000798202
3.985e-06,0.00625614,0.000697594
3.995e-06,0.00193583,0.00061149
4.005e-06,0.00625614,0.000537988
4.015e-06,0.00625614,0.000475328
4.025e-06,0.00625614,0.000423581
4.035e-06,0.00481604,0.000381268
4.045e-06,0.00193583,0.000347192
4.055e-06,0.00553609,0.000316707
4.065e-06,0.00625614,0.000288687
4.075e-06,0.00625614,0.000266157
4.085e-06,0.00625614,0.000246866
4.095e-06,0.00409599,0.000230321
4.105e-06,0.00481604,0.000216241
4.115e-06,0.00697619,0.000201878
4.125e-06,0.00913635,0.000188924
4.135e-06,0.00337594,0.000178293
4.145e-06,0.00265588,0.000168718
4.155e-06,0.00625614,0.000159495
4.165e-06,0.00265588,0.000150765
4.175e-06,0.00769624,0.000143091
4.185e-06,0.00697619,0.000135698
4.195e-06,0.00481604,0.000128376
4.205e-06,0.00481604,0.000121758
4.215e-06,0.00337594,0.000116478
4.225e-06,0.00769624,0.000112465
4.235e-06,0.00409599,0.000108029
4.245e-06,0.00121578,0.000103383
4.255e-06,0.00121578,9.83135e-05
4.265e-06,0.00265588,9.39485e-05
4.275e-06,0.00121578,9.06394e-05
4.285e-06,0.00337594,8.64152e-05
4.295e-06,0.00265588,8.40919e-05
4.305e-06,0.00265588,8.06421e-05
4.315e-06,0.00481604,7.72627e-05
4.325e-06,0.00265588,7.33904e-05
4.335e-06,0.00121578,7.11375e-05
4.345e-06,0.00265588,6.95182e-05
4.355e-06,0.00193583,6.84621e-05
4.365e-06,0.00121578,6.69836e-05
4.375e-06,0.00337594,6.53643e-05
4.385e-06,0.00409599,6.21257e-05
4.395e-06,0.00193583,5.91688e-05
4.405e-06,0.00265588,5.69158e-05
4.415e-06,-0.000224321,5.57894e-05
4.425e-06,0.00121578,5.50853e-05
4.435e-06,-0.000224321,5.42405e-05
4.445e-06,0.00121578,5.3466e-05
4.455e-06,0.00121578,5.14243e-05
4.465e-06,0.00265588,4.86081e-05
4.475e-06,0.00193583,4.59328e-05
4.485e-06,0.00193583,4.50879e-05
4.495e-06,-0.000944372,4.51583e-05
4.505e-06,0.000495731,4.57216e-05
4.515e-06,-0.000224321,4.48063e-05
4.525e-06,0.00265588,4.3187e-05
4.535e-06,-0.000224321,4.07933e-05
4.545e-06,0.00265588,3.98076e-05
4.555e-06,0.000495731,3.99484e-05
4.565e-06,0.00265588,3.94556e-05
4.575e-06,0.00121578,3.86811e-05
4.585e-06,0.00121578,3.71322e-05
4.595e-06,0.00193583,3.62874e-05
4.605e-06,-0.000224321,3.57946e-05
4.615e-06,0.00193583,3.51609e-05
4.625e-06,0.000495731,3.49497e-05
4.635e-06,-0.00166442,3.50905e-05
4.645e-06,-0.000224321,3.53017e-05
4.655e-06,0.00121578,3.48089e-05
4.665e-06,-0.000224321,3.37528e-05
4.675e-06,-0.000944372,3.24152e-05
4.685e-06,-0.000944372,3.23448e-05
4.695e-06,0.00193583,3.10775e-05
4.705e-06,0.00121578,3.07255e-05
4.715e-06,0.00193583,3.10071e-05
4.725e-06,0.000495731,3.01622e-05
4.735e-06,0.00121578,2.89654e-05
4.745e-06,-0.00310453,2.81909e-05
4.755e-06,0.000495731,2.71349e-05
4.765e-06,-0.00382458,2.65012e-05
4.775e-06,0.000495731,2.5586e-05
4.785e-06,-0.00238447,2.48819e-05
4.805e-06,0.00121578,2.50227e-05
4.815e-06,0.000495731,2.35442e-05
4.825e-06,-0.00238447,2.3685e-05
4.835e-06,0.000495731,2.38963e-05
4.845e-06,-0.00166442,2.43187e-05
4.855e-06,-0.00310453,2.45299e-05
4.865e-06,-0.000944372,2.46707e-05
4.875e-06,-0.000944372,2.34034e-05
4.885e-06,-0.000224321,2.20657e-05
4.895e-06,0.00121578,2.12209e-05
4.905e-06,-0.000224321,2.10801e-05
4.915e-06,0.00193583,2.05169e-05
4.925e-06,-0.000944372,2.0376e-05
4.935e-06,-0.000224321,1.96016e-05
4.945e-06,-0.000224321,1.88272e-05
4.955e-06,-0.00166442,1.93904e-05
4.965e-06,0.000495731,1.93904e-05
4.975e-06,-0.000944372,1.91088e-05
4.985e-06,-0.000224321,1.93904e-05
4.995e-06,-0.000944372,2.02352e-05
5.005e-06,-0.000944372,2.05169e-05
5.015e-06,-0.000224321,2.08689e-05
5.025e-06,-0.00310453,2.08689e-05
5.035e-06,-0.00382458,2.11505e-05
5.045e-06,0.00121578,2.06577e-05
5.055e-06,-0.000944372,1.98832e-05
5.065e-06,0.000495731,1.86863e-05
5.075e-06,0.00265588,1.76303e-05
5.085e-06,-0.000944372,1.78415e-05
5.095e-06,-0.00238447,1.83343e-05
5.105e-06,0.00193583,1.84047e-05
5.115e-06,-0.000944372,1.81935e-05
5.125e-06,-0.00166442,1.76303e-05
5.135e-06,0.00121578,1.72783e-05
5.145e-06,0.000495731,1.73487e-05
5.155e-06,-0.000224321,1.75599e-05
5.165e-06,-0.00166442,1.65038e-05
5.175e-06,0.000495731,1.52365e-05
5.185e-06,-0.000224321,1.48141e-05
5.195e-06,-0.00166442,1.55886e-05
5.205e-06,0.00337594,1.5659e-05
5.215e-06,-0.000944372,1.59406e-05
5.225e-06,-0.000224321,1.52365e-05
5.235e-06,-0.00238447,1.44621e-05
5.245e-06,-0.000944372,1.41805e-05
5.255e-06,-0.000944372,1.41101e-05
5.265e-06,-0.00166442,1.41805e-05
5.275e-06,-0.000944372,1.49549e-05
5.285e-06,-0.000224321,1.44621e-05
5.295e-06,-0.00166442,1.36172e-05
5.305e-06,-0.00310453,1.33356e-05
5.315e-06,-0.00166442,1.43213e-05
5.325e-06,-0.00238447,1.50957e-05
5.335e-06,-0.000944372,1.47437e-05
5.345e-06,-0.000224321,1.48141e-05
5.355e-06,0.00121578,1.49549e-05
5.365e-06,-0.00238447,1.45325e-05
5.375e-06,-0.000944372,1.43213e-05
5.385e-06,0.00121578,1.38989e-05
5.395e-06,-0.000944372,1.3054e-05
5.405e-06,-0.00238447,1.25612e-05
5.415e-06,-0.000224321,1.22092e-05
5.425e-06,-0.00238447,1.27724e-05
5.435e-06,-0.00238447,1.27724e-05
5.445e-06,-0.00382458,1.22796e-05
5.455e-06,0.000495731,1.12235e-05
5.465e-06,-0.00238447,1.17163e-05
5.475e-06,-0.00454463,1.19979e-05
5.485e-06,-0.000224321,1.15755e-05
5.495e-06,-0.00310453,1.09419e-05
5.505e-06,-0.00238447,1.06603e-05
5.515e-06,-0.00166442,1.05899e-05
5.525e-06,-0.00454463,1.07307e-05
5.535e-06,-0.00166442,1.07307e-05
5.545e-06,-0.000224321,1.13643e-05
5.555e-06,-0.00310453,1.12235e-05
5.565e-06,-0.00166442,1.15755e-05
5.575e-06,0.00193583,1.22092e-05
5.585e-06,-0.000944372,1.14347e-05
5.595e-06,-0.00238447,1.08715e-05
5.605e-06,-0.00238447,1.05195e-05
5.615e-06,-0.000224321,1.12235e-05
5.625e-06,-0.00238447,1.15755e-05
5.635e-06,-0.000944372,1.14347e-05
5.645e-06,-0.00238447,1.18571e-05
5.655e-06,-0.000944372,1.11531e-05
5.665e-06,-0.00238447,1.08011e-05
5.675e-06,-0.000944372,1.06603e-05
5.685e-06,-0.00382458,9.95622e-06
5.695e-06,0.000495731,1.00266e-05
5.705e-06,-0.00382458,1.0097e-05
5.715e-06,0.00121578,9.88582e-06
5.725e-06,0.000495731,9.95622e-06
5.735e-06,-0.00166442,9.46339e-06
5.745e-06,-0.00382458,8.33692e-06
5.755e-06,-0.000944372,8.26652e-06
5.765e-06,-0.00238447,8.40733e-06
5.775e-06,0.000495731,8.47773e-06
5.785e-06,-0.00382458,8.75935e-06
5.795e-06,-0.00382458,9.11137e-06
5.805e-06,0.0292978,8.68895e-06
5.815e-06,0.275555,7.70329e-06
5.825e-06,0.661503,-3.53137e-05
5.835e-06,1.05825,-0.00022097
5.845e-06,1.43052,-0.000594253
5.855e-06,1.82079,-0.00106392
5.865e-06,2.23193,-0.00114348
5.875e-06,2.63948,-0.00114348
5.885e-06,3.04703,-0.00114348
5.895e-06,3.4445,-0.00114348
5.905e-06,3.81173,-0.00114348
5.915e-06,3.97302,-0.00114348
5.925e-06,3.98094,-0.00114348
5.935e-06,3.99534,-0.00114348
5.945e-06,4.02918,-0.00114348
5.955e-06,4.04502,-0.00114348
5.965e-06,4.0371,-0.00114348
5.975e-06,4.03062,-0.00114348
5.985e-06,4.02198,-0.00114348
5.995e-06,4.02774,-0.00114348
6.005e-06,4.02774,-0.00114348
6.015e-06,4.02846,-0.00114348
6.025e-06,4.0263,-0.00114348
6.035e-06,4.02558,-0.00114348
6.045e-06,4.02558,-0.00114348
6.055e-06,4.02414,-0.00114348
6.065e-06,4.01982,-0.00114348
6.075e-06,4.02342,-0.000529692
6.085e-06,4.02702,-4.15797e-05
6.095e-06,4.02198,7.8441e-06
6.105e-06,4.02054,-0.000412962
6.115e-06,4.02126,-0.000949301
6.125e-06,4.0227,-0.00114348
6.135e-06,4.02342,-0.00114348
6.145e-06,4.02702,-0.00114348
6.155e-06,4.02486,-0.00114348
6.165e-06,4.02342,-0.00114348
6.175e-06,4.02126,-0.00114348
6.185e-06,4.02198,-0.00114348
6.195e-06,4.02414,-0.00114348
6.205e-06,4.02342,-0.00114348
6.215e-06,4.02558,-0.00114348
6.225e-06,4.02558,-0.00114348
6.235e-06,4.0263,-0.00114348
6.245e-06,4.02558,-0.00114348
6.255e-06,4.02774,-0.00114348
6.265e-06,4.02846,-0.00114348
6.275e-06,4.02918,-0.00114348
6.285e-06,4.03062,-0.00114348
6.295e-06,4.02774,-0.00114348
6.305e-06,4.03422,-0.00114348
6.315e-06,4.03062,-0.00114348
6.325e-06,4.03278,-0.00111215
6.335e-06,4.03134,-0.00102689
6.345e-06,4.02918,-0.000931911
6.355e-06,4.02918,-0.000833838
6.365e-06,4.03422,-0.00074189
6.375e-06,4.0299,-0.00065649
6.385e-06,4.03062,-0.000579468
6.395e-06,4.03206,-0.000512443
6.405e-06,4.01406,-0.000454571
6.415e-06,3.89309,-0.000403105
6.425e-06,3.6922,-0.000340094
6.435e-06,3.49923,-0.00022632
6.445e-06,3.31705,4.81671e-06
6.455e-06,3.11904,0.000312202
6.465e-06,2.91022,0.000684851
6.475e-06,2.70501,0.00107496
6.485e-06,2.49979,0.00115339
6.495e-06,2.30178,0.00115339
6.505e-06,2.12033,0.00115339
6.515e-06,2.04328,0.00115339
6.525e-06,2.03536,0.00115339
6.535e-06,2.03176,0.00115339
6.545e-06,2.01808,0.00115339
6.555e-06,2.00512,0.00115339
6.565e-06,2.01232,0.00115339
6.575e-06,2.02024,0.00115339
6.585e-06,2.02024,0.00115339
6.595e-06,2.01952,0.00115339
6.605e-06,2.0188,0.00115339
6.615e-06,2.0188,0.00115339
6.625e-06,2.01952,0.00113565
6.635e-06,2.02312,0.000958723
6.645e-06,2.02024,0.000770533
6.655e-06,2.02168,0.000611067
6.665e-06,2.02024,0.00048082
6.675e-06,2.02024,0.000375284
6.685e-06,2.02168,0.000291714
6.695e-06,2.02024,0.000226238
6.705e-06,2.02384,0.000173998
6.715e-06,2.02096,0.000133023
6.725e-06,2.02024,0.000101482
6.735e-06,2.02096,7.96564e-05
6.745e-06,2.02096,6.50123e-05
6.755e-06,2.02096,5.3114e-05
6.765e-06,2.01952,4.3187e-05
6.775e-06,2.02024,3.67098e-05
6.785e-06,2.02168,3.36824e-05
6.795e-06,2.02456,3.30488e-05
6.805e-06,2.01808,3.23448e-05
6.815e-06,2.02024,3.14295e-05
6.825e-06,2.02096,3.0303e-05
6.835e-06,2.02096,2.89654e-05
6.845e-06,2.02024,2.8895e-05
6.855e-06,2.0188,2.8895e-05
6.865e-06,2.0224,2.91062e-05
6.875e-06,2.01808,2.77685e-05
6.885e-06,2.02024,2.70644e-05
6.895e-06,2.0188,2.67828e-05
6.905e-06,2.02096,2.6994e-05
6.915e-06,2.02096,2.57972e-05
6.925e-06,2.01808,2.46707e-05
6.935e-06,2.01808,2.31922e-05
6.945e-06,2.02096,2.2277e-05
6.955e-06,2.02528,2.12913e-05
6.965e-06,2.02096,2.05873e-05
6.975e-06,2.02024,1.85455e-05
6.985e-06,2.0224,1.74191e-05
6.995e-06,2.01808,1.69262e-05
7.005e-06,2.02096,1.58702e-05
7.015e-06,2.0224,1.52365e-05
7.025e-06,2.02096,1.46029e-05
7.035e-06,2.0188,1.49549e-05
7.045e-06,2.02096,1.47437e-05
7.055e-06,2.0188,1.47437e-05
7.065e-06,2.0188,1.35468e-05
7.075e-06,2.02168,1.26316e-05
7.085e-06,2.0188,1.22092e-05
7.095e-06,2.02024,1.13643e-05
7.105e-06,2.02024,1.07307e-05
7.115e-06,2.01736,9.88582e-06
7.125e-06,2.02096,8.75935e-06
7.135e-06,2.01808,8.82975e-06
7.145e-06,2.02096,7.77369e-06
7.155e-06,2.01736,7.8441e-06
7.165e-06,2.01736,7.56248e-06
7.175e-06,2.02024,8.68895e-06
7.185e-06,2.0188,9.32258e-06
7.195e-06,2.0188,8.75935e-06
7.205e-06,2.01808,8.82975e-06
7.215e-06,2.01664,9.18177e-06
7.225e-06,2.01952,7.49207e-06
7.235e-06,2.02096,6.2952e-06
7.245e-06,2.01952,6.92884e-06
7.255e-06,2.02384,7.06965e-06
7.265e-06,2.01952,7.8441e-06
7.275e-06,2.0224,6.78803e-06
7.285e-06,2.02096,5.52076e-06
7.295e-06,2.0188,3.69025e-06
7.305e-06,2.02096,4.81671e-06
7.315e-06,2.01664,4.88712e-06
7.325e-06,2.0188,6.15439e-06
7.335e-06,2.0188,7.21046e-06
7.345e-06,2.01664,8.33692e-06
7.355e-06,2.01736,8.47773e-06
7.365e-06,2.01952,7.14005e-06
7.375e-06,2.01808,4.67591e-06
7.385e-06,2.01664,2.9862e-06
7.395e-06,2.01736,3.83105e-06
7.405e-06,2.02024,5.02793e-06
7.415e-06,2.01448,4.18308e-06
7.425e-06,2.02096,2.14135e-06
7.435e-06,2.0188,1.71893e-06
7.445e-06,2.01808,1.64852e-06
7.455e-06,2.01736,2.63418e-06
7.465e-06,2.01952,4.11267e-06
7.475e-06,2.0188,5.59116e-06
7.485e-06,2.0188,5.23914e-06
7.495e-06,2.01952,4.95752e-06
7.505e-06,2.0188,4.46469e-06
7.515e-06,2.01952,4.88712e-06
7.525e-06,2.01592,5.02793e-06
7.535e-06,2.01592,4.74631e-06
7.545e-06,2.01952,4.5351e-06
7.555e-06,2.02096,3.90146e-06
7.565e-06,2.01592,2.9158e-06
7.575e-06,2.01808,2.00055e-06
7.585e-06,2.02024,1.85974e-06
7.595e-06,2.01592,2.35257e-06
7.605e-06,2.0188,3.47903e-06
7.615e-06,2.01952,4.46469e-06
7.625e-06,2.01808,4.6055e-06
7.635e-06,2.0188,4.6055e-06
7.645e-06,2.01952,4.32388e-06
7.655e-06,2.01736,3.83105e-06
7.665e-06,2.01736,3.12701e-06
7.675e-06,2.01736,2.21176e-06
7.685e-06,2.01808,1.08529e-06
7.695e-06,2.01592,1.2261e-06
7.705e-06,2.01592,5.22057e-07
7.715e-06,2.01664,1.70035e-07
7.725e-06,2.0188,-4.11772e-08
7.735e-06,2.0152,8.03673e-07
7.745e-06,2.01808,1.2261e-06
7.755e-06,2.01952,1.15569e-06
7.765e-06,2.01664,3.81248e-07
7.775e-06,2.01808,-3.22794e-07
7.785e-06,2.01664,6.62865e-07
7.795e-06,2.01664,1.36691e-06
7.805e-06,2.01736,1.64852e-06
7.815e-06,2.01592,2.49337e-06
7.825e-06,2.01664,4.11267e-06
7.835e-06,2.01736,3.83105e-06
7.845e-06,2.01808,2.8454e-06
7.855e-06,2.0188,2.49337e-06
7.865e-06,2.01664,1.78933e-06
7.875e-06,2.01592,1.2261e-06
7.885e-06,2.01592,9.44482e-07
7.895e-06,2.01808,9.44482e-07
7.905e-06,2.01664,1.36691e-06
7.915e-06,2.01664,2.35257e-06
7.925e-06,2.01664,2.56378e-06
7.935e-06,2.01664,2.07095e-06
7.945e-06,2.01664,1.50772e-06
7.955e-06,2.0152,1.78933e-06
7.965e-06,2.01808,2.07095e-06
7.975e-06,2.0188,2.21176e-06
7.985e-06,2.01664,1.85974e-06
7.995e-06,2.01808,1.43731e-06
8.005e-06,2.01952,1.64852e-06
8.015e-06,2.01664,2.00055e-06
8.025e-06,2.01592,1.08529e-06
8.035e-06,2.01592,8.74078e-07
8.045e-06,2.01592,5.22057e-07
8.055e-06,2.01808,6.62865e-07
8.065e-06,2.01808,8.03673e-07
8.075e-06,2.01808,3.10844e-07
8.085e-06,2.0188,5.92461e-07
8.095e-06,2.01592,8.74078e-07
8.105e-06,2.02024,1.64852e-06
8.115e-06,2.01736,2.14135e-06
8.125e-06,2.0152,2.63418e-06
8.135e-06,2.01592,3.26782e-06
8.145e-06,2.01376,2.28216e-06
8.155e-06,2.01736,3.10844e-07
8.165e-06,2.01664,-7.45219e-07
8.175e-06,2.01664,-6.74815e-07
8.185e-06,2.01952,-1.02684e-06
8.195e-06,2.0188,-1.37886e-06
8.205e-06,2.01736,-1.30845e-06
8.215e-06,2.01952,-1.02684e-06
8.225e-06,2.0188,-1.11581e-07
8.235e-06,2.01808,2.4044e-07
8.245e-06,2.01952,5.22057e-07
8.255e-06,2.01592,8.03673e-07
8.265e-06,2.01808,1.2261e-06
8.275e-06,2.01808,2.14135e-06
8.285e-06,2.01592,2.07095e-06
8.295e-06,2.02168,1.08529e-06
8.305e-06,2.0188,1.70035e-07
8.315e-06,2.01952,-1.81986e-07
8.325e-06,2.01664,-3.22794e-07
8.335e-06,2.02168,3.81248e-07
8.345e-06,2.0188,3.10844e-07
8.355e-06,2.01952,2.9227e-08
8.365e-06,2.01592,-1.81986e-07
8.375e-06,2.01808,-6.74815e-07
8.385e-06,2.01736,-5.34007e-07
8.395e-06,2.01808,-1.81986e-07
8.405e-06,2.0188,9.44482e-07
8.415e-06,2.01736,1.64852e-06
8.425e-06,2.0188,3.69025e-06
8.435e-06,2.01592,3.26782e-06
8.445e-06,2.01736,8.74078e-07
8.455e-06,2.01592,1.70035e-07
8.465e-06,2.02024,2.9227e-08
8.475e-06,2.0188,-1.81986e-07
8.485e-06,2.01808,9.96312e-08
8.495e-06,2.01952,5.22057e-07
8.505e-06,2.00224,-1.11581e-07
8.515e-06,1.87911,2.9227e-08
8.525e-06,1.6847,2.15025e-05
8.535e-06,1.48668,0.000115915
8.545e-06,1.30163,0.000306147
8.555e-06,1.10649,0.000584455
8.565e-06,0.89984,0.000937532
8.575e-06,0.694625,0.00115339
8.585e-06,0.494451,0.00115339
8.595e-06,0.293557,0.00115339
8.605e-06,0.109223,0.00115339
8.615e-06,0.0336181,0.00115339
8.625e-06,0.0249775,0.00115339
8.635e-06,0.0163369,0.00115339
8.645e-06,0.00409599,0.00115339
8.655e-06,-0.00598473,0.00115339
8.665e-06,-0.00166442,0.00115339
8.675e-06,0.00193583,0.00115339
8.685e-06,0.00697619,0.00115339
8.695e-06,0.00625614,0.00115339
8.705e-06,0.00265588,0.00115339
8.715e-06,0.00265588,0.00115339
8.725e-06,0.00409599,0.00115339
8.735e-06,0.00337594,0.00115339
8.745e-06,0.00265588,0.00115339
8.755e-06,0.0098564,0.00105335
8.765e-06,0.00625614,0.000909581
8.775e-06,0.00625614,0.000787289
8.785e-06,0.00481604,0.000685414
8.795e-06,0.00409599,0.000601
8.805e-06,0.00409599,0.000528554
8.815e-06,0.00553609,0.000466739
8.825e-06,0.00697619,0.000415485
8.835e-06,0.00337594,0.000372327
8.845e-06,0.00481604,0.00033635
8.855e-06,0.00769624,0.00030664
8.865e-06,0.00409599,0.000280379
8.875e-06,0.00769624,0.000258413
8.885e-06,0.00553609,0.000239756
8.895e-06,0.00193583,0.000223633
8.905e-06,0.00553609,0.000208637
8.915e-06,0.00481604,0.000196175
8.925e-06,0.00481604,0.000184629
8.935e-06,0.00625614,0.000173998
8.945e-06,0.00265588,0.000164916
8.955e-06,0.00697619,0.000156186
8.965e-06,0.00265588,0.000147174
8.975e-06,0.00481604,0.000138726
8.985e-06,0.00337594,0.000131333
8.995e-06,0.00409599,0.000124645
9.005e-06,0.00481604,0.000119294
9.015e-06,0.00265588,0.000114014
9.025e-06,0.00337594,0.000109437
9.035e-06,-0.000944372,0.000104227
9.045e-06,0.00481604,9.86655e-05
9.055e-06,0.00193583,9.46525e-05
9.065e-06,0.00481604,9.0569e-05
9.075e-06,0.00193583,8.71896e-05
9.085e-06,0.00265588,8.42327e-05
9.095e-06,0.00481604,8.10645e-05
9.105e-06,0.00193583,7.80371e-05
9.115e-06,-0.00238447,7.54321e-05
9.125e-06,0.00553609,7.28976e-05
9.135e-06,0.00553609,7.0011e-05
9.145e-06,0.00409599,6.78285e-05
9.155e-06,0.00193583,6.57868e-05
9.165e-06,0.00409599,6.32522e-05
9.175e-06,0.00193583,6.11401e-05
9.185e-06,0.00337594,5.88872e-05
9.195e-06,0.00121578,5.76903e-05
9.205e-06,0.00265588,5.74087e-05
9.215e-06,0.00193583,5.71974e-05
9.225e-06,0.00193583,5.6071e-05
9.235e-06,0.00121578,5.46629e-05
9.245e-06,0.00265588,5.2762e-05
9.255e-06,-0.000224321,5.11427e-05
9.265e-06,-0.000224321,4.9101e-05
9.275e-06,0.00121578,4.74113e-05
9.285e-06,0.00409599,4.63552e-05
9.295e-06,0.000495731,4.47359e-05
9.305e-06,0.00121578,4.36094e-05
9.315e-06,0.00193583,4.33982e-05
9.325e-06,0.00265588,4.26238e-05
9.335e-06,0.00265588,4.06525e-05
9.345e-06,0.00121578,3.91036e-05
9.355e-06,0.00481604,3.79771e-05
9.365e-06,0.00265588,3.74843e-05
9.375e-06,0.00265588,3.66394e-05
9.385e-06,0.000495731,3.64282e-05
9.395e-06,-0.000944372,3.60058e-05
9.405e-06,0.00121578,3.50201e-05
9.415e-06,0.00193583,3.47385e-05
9.425e-06,0.00193583,3.34008e-05
9.435e-06,-0.000224321,3.27672e-05
9.445e-06,0.00337594,3.2556e-05
9.455e-06,0.00193583,3.34008e-05
9.465e-06,0.000495731,3.29784e-05
9.475e-06,0.00337594,3.19927e-05
9.485e-06,0.000495731,3.05143e-05
9.495e-06,0.00121578,2.98102e-05
9.505e-06,-0.000944372,3.00214e-05
9.515e-06,-0.000944372,2.98806e-05
9.525e-06,0.00193583,2.90358e-05
9.535e-06,0.00193583,2.93174e-05
9.545e-06,-0.00166442,2.79797e-05
9.555e-06,-0.000944372,2.69236e-05
9.565e-06,0.000495731,2.6642e-05
9.575e-06,-0.000224321,2.62196e-05
9.585e-06,-0.000944372,2.57972e-05
9.605e-06,0.00409599,2.53043e-05
9.615e-06,0.00121578,2.48819e-05
9.625e-06,0.00193583,2.41779e-05
9.635e-06,0.000495731,2.3333e-05
9.645e-06,-0.00166442,2.32626e-05
9.655e-06,0.00121578,2.32626e-05
9.665e-06,-0.000944372,2.27698e-05
9.675e-06,0.000495731,2.30514e-05
9.685e-06,-0.000944372,2.3685e-05
9.695e-06,-0.000224321,2.32626e-05
9.705e-06,-0.00166442,2.36146e-05
9.715e-06,-0.000224321,2.35442e-05
9.725e-06,-0.000224321,2.23474e-05
9.735e-06,0.000495731,2.14321e-05
9.745e-06,0.000495731,2.08689e-05
9.755e-06,0.000495731,2.10097e-05
9.765e-06,-0.000944372,2.02352e-05
9.775e-06,-0.000944372,1.92496e-05
9.785e-06,-0.000944372,1.86863e-05
9.795e-06,-0.00166442,1.87567e-05
9.805e-06,0.00121578,1.94608e-05
9.815e-06,-0.000944372,1.94608e-05
9.825e-06,-0.00310453,1.81935e-05
9.835e-06,-0.000224321,1.77007e-05
9.845e-06,0.000495731,1.74895e-05
9.855e-06,-0.000224321,1.74191e-05
9.865e-06,-0.000224321,1.77007e-05
9.875e-06,-0.000944372,1.88976e-05
9.885e-06,-0.00238447,1.81231e-05
9.895e-06,-0.000944372,1.73487e-05
9.905e-06,0.000495731,1.72783e-05
9.915e-06,-0.000944372,1.73487e-05
9.925e-06,-0.00166442,1.79119e-05
9.935e-06,-0.00310453,1.84751e-05
9.945e-06,-0.000944372,1.85455e-05
9.955e-06,-0.00166442,1.79119e-05
9.965e-06,-0.00238447,1.64334e-05
9.975e-06,-0.00310453,1.55182e-05
9.985e-06,-0.00238447,1.53773e-05
9.995e-06,-0.00382458,1.5659e-05
1.0005e-05,0.000495731,1.6363e-05
1.0015e-05,-0.000944372,1.55182e-05
1.0025e-05,-0.000224321,1.58702e-05
1.0035e-05,-0.000944372,1.57294e-05
1.0045e-05,0.00121578,1.59406e-05
1.0055e-05,0.00121578,1.50253e-05
1.0065e-05,-0.000944372,1.50957e-05
1.0075e-05,-0.000944372,1.46029e-05
1.0085e-05,-0.00238447,1.50957e-05
1.0095e-05,0.00265588,1.43917e-05
1.0105e-05,0.000495731,1.35468e-05
1.0115e-05,-0.00166442,1.33356e-05
1.0125e-05,-0.000944372,1.31948e-05
1.0135e-05,-0.00310453,1.33356e-05
1.0145e-05,-0.00310453,1.32652e-05
1.0155e-05,-0.00166442,1.28428e-05
1.0165e-05,-0.00238447,1.21388e-05
1.0175e-05,0.00193583,1.21388e-05
1.0185e-05,0.00193583,1.28428e-05
1.0195e-05,-0.000944372,1.41805e-05
1.0205e-05,0.000495731,1.41101e-05
1.0215e-05,-0.00166442,1.38989e-05
1.0225e-05,-0.000944372,1.29132e-05
1.0235e-05,-0.000944372,1.26316e-05
1.0245e-05,-0.00238447,1.24204e-05
1.0255e-05,-0.000944372,1.20683e-05
1.0265e-05,0.00193583,1.19275e-05
1.0275e-05,-0.00166442,1.17867e-05
1.0285e-05,0.000495731,1.17163e-05
1.0295e-05,-0.000944372,1.12235e-05
1.0305e-05,0.000495731,1.12939e-05
1.0315e-05,-0.00382458,1.13643e-05
1.0325e-05,-0.00238447,1.16459e-05
1.0335e-05,-0.000224321,1.12235e-05
1.0345e-05,-0.00310453,1.10827e-05
1.0355e-05,-0.00166442,1.10123e-05
1.0365e-05,-0.00166442,1.12235e-05
1.0375e-05,-0.00238447,1.13643e-05
1.0385e-05,-0.000944372,1.15755e-05
1.0395e-05,-0.00166442,1.09419e-05
1.0405e-05,-0.00166442,1.10827e-05
1.0415e-05,-0.00238447,1.11531e-05
1.0425e-05,0.00193583,1.10123e-05
1.0435e-05,-0.000944372,1.00266e-05
1.0445e-05,-0.00382458,1.0097e-05
1.0455e-05,-0.000224321,9.39299e-06
1.0465e-05,-0.00238447,1.0097e-05
1.0475e-05,0.000495731,1.03786e-05
1.0485e-05,-0.00310453,9.74501e-06
1.0495e-05,-0.00310453,9.74501e-06
1.0505e-05,0.000495731,9.18177e-06
1.0515e-05,-0.00310453,8.54814e-06
1.0525e-05,0.000495731,9.04097e-06
1.0535e-05,0.00265588,9.39299e-06
1.0545e-05,0.000495731,9.46339e-06
1.0555e-05,-0.00166442,9.74501e-06
1.0565e-05,-0.000944372,1.0097e-05
1.0575e-05,-0.000944372,9.46339e-06
1.0585e-05,0.00193583,8.82975e-06
1.0595e-05,-0.00238447,8.61854e-06
1.0605e-05,0.0314579,8.90016e-06
1.0615e-05,0.280596,7.56248e-06
1.0625e-05,0.662223,-3.46096e-05
1.0635e-05,1.05681,-0.000219562
1.0645e-05,1.4298,-0.000592915
1.0655e-05,1.82007,-0.00106314
1.0665e-05,2.22977,-0.00114348
1.0675e-05,2.63948,-0.00114348
1.0685e-05,3.04775,-0.00114348
1.0695e-05,3.44666,-0.00114348
1.0705e-05,3.81173,-0.00114348
1.0715e-05,3.97158,-0.00114348
1.0725e-05,3.98598,-0.00114348
1.0735e-05,3.99534,-0.00114348
1.0745e-05,4.03134,-0.00114348
1.0755e-05,4.0443,-0.00114348
1.0765e-05,4.0371,-0.00114348
1.0775e-05,4.03206,-0.00114348
1.0785e-05,4.02342,-0.00114348
1.0795e-05,4.02702,-0.00114348
1.0805e-05,4.03422,-0.00114348
1.0815e-05,4.0299,-0.00114348
1.0825e-05,4.02846,-0.00114348
1.0835e-05,4.02558,-0.00114348
1.0845e-05,4.02486,-0.00114348
1.0855e-05,4.02126,-0.00114348
1.0865e-05,4.02342,-0.00095599
1.0875e-05,4.02414,-0.000239416
1.0885e-05,4.02918,8.18389e-05
1.0895e-05,4.02702,-0.000126417
1.0905e-05,4.0227,-0.000609601
1.0915e-05,4.02342,-0.000649379
1.0925e-05,4.0227,-0.000528284
1.0935e-05,4.02342,-0.000453937
1.0945e-05,4.02414,-0.000390996
1.0955e-05,4.02414,-0.000340305
1.0965e-05,4.02414,-0.000298766
1.0975e-05,4.02414,-0.000267084
1.0985e-05,4.02414,-0.000244414
1.0995e-05,4.02054,-0.000229559
1.1005e-05,4.02846,-0.000218928
1.1015e-05,4.02414,-0.000204917
1.1025e-05,4.0263,-0.000194005
1.1035e-05,4.02558,-0.000181332
1.1045e-05,4.02342,-0.000176474
1.1055e-05,4.02774,-0.00020365
1.1065e-05,4.02342,-0.000172461
1.1075e-05,4.02774,-0.000167322
1.1085e-05,4.0263,-0.000162323
1.1095e-05,4.0263,-0.000157817
1.1105e-05,4.02846,-0.000153522
1.1115e-05,4.02414,-0.000149861
1.1125e-05,4.02558,-0.000146341
1.1135e-05,4.02846,-0.000141976
1.1145e-05,4.02702,-0.000138104
1.1155e-05,4.02702,-0.000134443
1.1165e-05,4.02558,-0.000129655
1.1175e-05,4.02774,-0.000125572
1.1185e-05,4.02918,-0.00012184
1.1195e-05,4.03062,-0.00011825
1.1205e-05,4.01838,-0.000115645
1.1215e-05,3.88877,-0.000112618
1.1225e-05,3.69508,-9.22707e-05
1.1235e-05,3.49635,1.71893e-06
1.1245e-05,3.31273,0.000197513
1.1255e-05,3.11616,0.000476314
1.1265e-05,2.91238,0.000828053
1.1275e-05,2.70501,0.0011398
1.1285e-05,2.50123,0.00115339
1.1295e-05,2.30322,0.00115339
1.1305e-05,2.12249,0.00115339
1.1315e-05,2.0404,0.00115339
1.1325e-05,2.03968,0.00115339
1.1335e-05,2.03248,0.00115339
1.1345e-05,2.0152,0.00115339
1.1355e-05,2.00728,0.00115339
1.1365e-05,2.0152,0.00115339
1.1375e-05,2.01952,0.00115339
1.1385e-05,2.02168,0.00115339
1.1395e-05,2.02024,0.00115339
1.1405e-05,2.01736,0.00115339
1.1415e-05,2.01664,0.00115339
1.1425e-05,2.0188,0.00114037
1.1435e-05,2.01952,0.000967454
1.1445e-05,2.02168,0.000777081
1.1455e-05,2.02096,0.000617052
1.1465e-05,2.02096,0.0004861
1.1475e-05,2.02024,0.000382254
1.1485e-05,2.01952,0.00029981
1.1495e-05,2.02024,0.000233912
1.1505e-05,2.02168,0.000180053
1.1515e-05,2.0224,0.000137881
1.1525e-05,2.02168,0.000107114
1.1535e-05,2.0224,8.52887e-05
1.1545e-05,2.02024,7.08559e-05
1.1555e-05,2.01952,5.98024e-05
1.1565e-05,2.02168,5.00162e-05
1.1575e-05,2.02312,4.29758e-05
1.1585e-05,2.02168,3.83995e-05
1.1595e-05,2.02168,3.64986e-05
1.1605e-05,2.02168,3.6921e-05
1.1615e-05,2.02024,3.73435e-05
1.1625e-05,2.02312,3.51609e-05
1.1635e-05,2.02168,3.31192e-05
1.1645e-05,2.02096,3.2556e-05
1.1655e-05,2.01808,3.27672e-05
1.1665e-05,2.0224,3.24152e-05
1.1675e-05,2.02024,3.13591e-05
1.1685e-05,2.02168,3.0303e-05
1.1695e-05,2.02024,2.88246e-05
1.1705e-05,2.0188,2.82613e-05
1.1715e-05,2.01952,2.70644e-05
1.1725e-05,2.02024,2.65012e-05
1.1735e-05,2.0188,2.54451e-05
1.1745e-05,2.01736,2.43891e-05
1.1755e-05,2.02024,2.35442e-05
1.1765e-05,2.02024,2.31922e-05
1.1775e-05,2.01736,2.2277e-05
1.1785e-05,2.0188,2.05169e-05
1.1795e-05,2.01736,1.95312e-05
1.1805e-05,2.02024,1.95312e-05
1.1815e-05,2.02024,1.86863e-05
1.1825e-05,2.02096,1.77007e-05
1.1835e-05,2.01664,1.62926e-05
1.1845e-05,2.01808,1.51661e-05
1.1855e-05,2.02024,1.38285e-05
1.1865e-05,2.02384,1.42509e-05
1.1875e-05,2.02024,1.48845e-05
1.1885e-05,2.0188,1.5659e-05
1.1895e-05,2.02024,1.50253e-05
1.1905e-05,2.01952,1.38989e-05
1.1915e-05,2.02024,1.26316e-05
1.1925e-05,2.01808,1.19275e-05
1.1935e-05,2.01808,1.19275e-05
1.1945e-05,2.01952,1.17163e-05
1.1955e-05,2.01664,1.22796e-05
1.1965e-05,2.0188,1.24204e-05
1.1975e-05,2.01952,1.19275e-05
1.1985e-05,2.01952,1.08715e-05
1.1995e-05,2.02024,9.32258e-06
1.2005e-05,2.01952,9.18177e-06
1.2015e-05,2.02096,9.25218e-06
1.2025e-05,2.02024,9.11137e-06
1.2035e-05,2.02096,8.54814e-06
1.2045e-05,2.02096,8.05531e-06
1.2055e-05,2.0188,8.54814e-06
1.2065e-05,2.01952,7.63288e-06
1.2075e-05,2.0152,6.57682e-06
1.2085e-05,2.01808,6.78803e-06
1.2095e-05,2.01808,6.64722e-06
1.2105e-05,2.01736,5.80237e-06
1.2115e-05,2.01664,6.2952e-06
1.2125e-05,2.01952,6.43601e-06
1.2135e-05,2.01736,6.15439e-06
1.2145e-05,2.01808,5.87278e-06
1.2155e-05,2.01736,5.59116e-06
1.2165e-05,2.01808,6.2952e-06
1.2175e-05,2.01664,7.21046e-06
1.2185e-05,2.01664,7.63288e-06
1.2195e-05,2.01592,7.63288e-06
1.2205e-05,2.01952,6.57682e-06
1.2215e-05,2.01736,6.43601e-06
1.2225e-05,2.01952,6.57682e-06
1.2235e-05,2.01808,5.80237e-06
1.2245e-05,2.0188,4.95752e-06
1.2255e-05,2.01664,5.37995e-06
1.2265e-05,2.01808,4.46469e-06
1.2275e-05,2.01808,4.5351e-06
1.2285e-05,2.01736,4.11267e-06
1.2295e-05,2.01448,3.76065e-06
1.2305e-05,2.01808,3.26782e-06
1.2315e-05,2.01952,3.76065e-06
1.2325e-05,2.01736,4.25348e-06
1.2335e-05,2.01592,5.16873e-06
1.2345e-05,2.01952,5.87278e-06
1.2355e-05,2.01736,6.2952e-06
1.2365e-05,2.0188,6.36561e-06
1.2375e-05,2.01808,5.87278e-06
1.2385e-05,2.01592,5.52076e-06
1.2395e-05,2.02024,4.74631e-06
1.2405e-05,2.01808,4.18308e-06
1.2415e-05,2.0188,3.61984e-06
1.2425e-05,2.01592,2.63418e-06
1.2435e-05,2.01448,2.77499e-06
1.2445e-05,2.01952,3.40863e-06
1.2455e-05,2.0188,3.47903e-06
1.2465e-05,2.01808,4.32388e-06
1.2475e-05,2.01808,4.18308e-06
1.2485e-05,2.0188,3.69025e-06
1.2495e-05,2.01808,3.83105e-06
1.2505e-05,2.01664,3.76065e-06
1.2515e-05,2.02024,3.97186e-06
1.2525e-05,2.02024,4.39429e-06
1.2535e-05,2.01592,4.5351e-06
1.2545e-05,2.01808,5.87278e-06
1.2555e-05,2.01808,5.45035e-06
1.2565e-05,2.01736,4.18308e-06
1.2575e-05,2.01736,2.9862e-06
1.2585e-05,2.01736,1.85974e-06
1.2595e-05,2.01664,1.57812e-06
1.2605e-05,2.01664,2.00055e-06
1.2615e-05,2.0152,2.21176e-06
1.2625e-05,2.01736,2.07095e-06
1.2635e-05,2.01736,3.05661e-06
1.2645e-05,2.01808,2.35257e-06
1.2655e-05,2.0188,1.50772e-06
1.2665e-05,2.01952,1.01489e-06
1.2675e-05,2.01736,1.71893e-06
1.2685e-05,2.01808,1.15569e-06
1.2695e-05,2.01592,9.44482e-07
1.2705e-05,2.01736,1.36691e-06
1.2715e-05,2.0188,1.93014e-06
1.2725e-05,2.01592,3.12701e-06
1.2735e-05,2.01016,2.70459e-06
1.2745e-05,2.01448,2.28216e-06
1.2755e-05,2.01952,1.85974e-06
1.2765e-05,2.02096,1.01489e-06
1.2775e-05,2.01808,8.74078e-07
1.2785e-05,2.01808,1.57812e-06
1.2795e-05,2.01592,1.71893e-06
1.2805e-05,2.01592,1.93014e-06
1.2815e-05,2.01592,1.85974e-06
1.2825e-05,2.01664,2.28216e-06
1.2835e-05,2.01808,3.47903e-06
1.2845e-05,2.02024,2.9862e-06
1.2855e-05,2.0152,2.14135e-06
1.2865e-05,2.01808,1.64852e-06
1.2875e-05,2.01808,1.2261e-06
1.2885e-05,2.02024,1.85974e-06
1.2895e-05,2.02024,1.64852e-06
1.2905e-05,2.01952,1.08529e-06
1.2915e-05,2.01736,3.10844e-07
1.2925e-05,2.01736,5.22057e-07
1.2935e-05,2.0152,1.85974e-06
1.2945e-05,2.0188,2.63418e-06
1.2955e-05,2.01448,1.36691e-06
1.2965e-05,2.0188,5.22057e-07
1.2975e-05,2.01664,1.2965e-06
1.2985e-05,2.01592,1.43731e-06
1.2995e-05,2.0188,1.36691e-06
1.3005e-05,2.01952,1.93014e-06
1.3015e-05,2.01736,2.00055e-06
1.3025e-05,2.01664,2.63418e-06
1.3035e-05,2.01736,2.63418e-06
1.3045e-05,2.0188,2.49337e-06
1.3055e-05,2.01808,1.93014e-06
1.3065e-05,2.01664,1.93014e-06
1.3075e-05,2.01808,1.64852e-06
1.3085e-05,2.01808,1.01489e-06
1.3095e-05,2.01664,9.96312e-08
1.3105e-05,2.01736,-4.11772e-08
1.3115e-05,2.01376,9.96312e-08
1.3125e-05,2.01808,5.92461e-07
1.3135e-05,2.01664,1.36691e-06
1.3145e-05,2.0188,1.36691e-06
1.3155e-05,2.01664,6.62865e-07
1.3165e-05,2.01736,-1.81986e-07
1.3175e-05,2.01736,-6.74815e-07
1.3185e-05,2.0152,3.10844e-07
1.3195e-05,2.01592,1.08529e-06
1.3205e-05,2.01664,1.01489e-06
1.3215e-05,2.02096,1.43731e-06
1.3225e-05,2.01664,1.01489e-06
1.3235e-05,2.0152,1.70035e-07
1.3245e-05,2.01736,-3.93198e-07
1.3255e-05,2.0188,-6.04411e-07
1.3265e-05,2.01664,-7.45219e-07
1.3275e-05,2.02024,-5.34007e-07
1.3285e-05,2.01736,-1.51967e-06
1.3295e-05,2.0188,-2.85735e-06
1.3305e-05,2.0008,-2.50532e-06
1.3315e-05,1.87983,-3.22794e-07
1.3325e-05,1.67894,2.22066e-05
1.3335e-05,1.48668,0.0001169
1.3345e-05,1.29803,0.000306992
1.3355e-05,1.10577,0.000584947
1.3365e-05,0.89984,0.000937321
1.3375e-05,0.695345,0.00115339
1.3385e-05,0.493011,0.00115339
1.3395e-05,0.289956,0.00115339
1.3405e-05,0.108503,0.00115339
1.3415e-05,0.032178,0.00115339
1.3425e-05,0.0249775,0.00115339
1.3435e-05,0.0192171,0.00115339
1.3445e-05,0.00409599,0.00115339
1.3455e-05,-0.00382458,0.00115339
1.3465e-05,-0.000224321,0.00115339
1.3475e-05,0.00697619,0.00115339
1.3485e-05,0.00697619,0.00115339
1.3495e-05,0.00409599,0.00115339
1.3505e-05,0.00409599,0.00115339
1.3515e-05,0.00409599,0.00115339
1.3525e-05,0.00409599,0.00115339
1.3535e-05,0.00553609,0.00115339
1.3545e-05,0.00481604,0.00115339
1.3555e-05,0.00697619,0.00104039
1.3565e-05,0.00553609,0.000896556
1.3575e-05,0.0084163,0.000777151
1.3585e-05,0.00697619,0.000677318
1.3595e-05,0.00481604,0.000592622
1.3605e-05,0.0084163,0.00052102
1.3615e-05,0.00769624,0.00045998
1.3625e-05,0.00481604,0.00040781
1.3635e-05,0.00697619,0.000366413
1.3645e-05,0.00697619,0.000332971
1.3655e-05,0.00553609,0.000301922
1.3665e-05,0.00769624,0.00027531
1.3675e-05,0.00481604,0.000252921
1.3685e-05,0.00769624,0.000234194
1.3695e-05,0.00625614,0.00021786
1.3705e-05,0.00553609,0.000202793
1.3715e-05,0.00481604,0.00019005
1.3725e-05,0.00481604,0.000178011
1.3735e-05,0.00769624,0.00016738
1.3745e-05,0.00913635,0.00015865
1.3755e-05,0.00337594,0.000150342
1.3765e-05,0.00193583,0.000142809
1.3775e-05,0.00337594,0.000135839
1.3785e-05,0.00265588,0.000129784
1.3795e-05,0.00337594,0.000124011
1.3805e-05,0.00409599,0.000118801
1.3815e-05,0.00193583,0.000113098
1.3825e-05,0.00121578,0.000108029
1.3835e-05,0.00121578,0.000103312
1.3845e-05,0.00553609,9.82431e-05
1.3855e-05,0.00337594,9.30332e-05
1.3865e-05,0.00409599,8.85977e-05
1.3875e-05,0.00265588,8.48663e-05
1.3885e-05,0.00265588,8.16981e-05
1.3895e-05,0.00121578,7.88819e-05
1.3905e-05,0.00265588,7.61362e-05
1.3915e-05,0.00409599,7.32496e-05
1.3925e-05,0.00337594,7.06447e-05
1.3935e-05,0.00193583,6.85325e-05
1.3945e-05,0.00121578,6.64204e-05
1.3955e-05,0.00121578,6.40267e-05
1.3965e-05,0.00121578,6.19849e-05
1.3975e-05,0.00409599,5.98024e-05
1.3985e-05,-0.000944372,5.85351e-05
1.3995e-05,0.000495731,5.68454e-05
1.4005e-05,0.00553609,5.49445e-05
1.4015e-05,0.000495731,5.33956e-05
1.4025e-05,0.00193583,5.23396e-05
1.4035e-05,0.00337594,5.17059e-05
1.4045e-05,-0.000944372,5.12835e-05
1.4055e-05,0.00265588,5.02978e-05
1.4065e-05,0.00193583,4.87489e-05
1.4075e-05,-0.000224321,4.70592e-05
1.4085e-05,-0.000224321,4.58624e-05
1.4095e-05,0.000495731,4.53695e-05
1.4105e-05,0.00265588,4.43135e-05
1.4115e-05,0.00121578,4.29054e-05
1.4125e-05,0.00193583,4.12861e-05
1.4135e-05,0.00409599,3.94556e-05
1.4145e-05,0.00265588,3.83995e-05
1.4155e-05,0.00121578,3.86107e-05
1.4165e-05,0.00193583,3.79771e-05
1.4175e-05,0.000495731,3.76955e-05
1.4185e-05,0.00193583,3.77659e-05
1.4195e-05,0.00481604,3.69914e-05
1.4205e-05,-0.000224321,3.59354e-05
1.4215e-05,-0.000224321,3.43865e-05
1.4225e-05,0.00265588,3.26968e-05
1.4235e-05,-0.000224321,3.19927e-05
1.4245e-05,-0.000224321,3.17815e-05
1.4255e-05,0.000495731,3.12183e-05
1.4265e-05,-0.000224321,3.05847e-05
1.4275e-05,0.00121578,3.03734e-05
1.4285e-05,-0.00166442,3.0303e-05
1.4295e-05,0.00265588,2.9951e-05
1.4305e-05,-0.000944372,2.9247e-05
1.4315e-05,0.000495731,2.9247e-05
1.4325e-05,0.000495731,2.93174e-05
1.4335e-05,-0.00238447,2.84021e-05
1.4345e-05,-0.00166442,2.76981e-05
1.4355e-05,0.000495731,2.6994e-05
1.4365e-05,-0.000944372,2.65716e-05
1.4375e-05,-0.000224321,2.51635e-05
1.4385e-05,0.000495731,2.44595e-05
1.4405e-05,0.000495731,2.51635e-05
1.4415e-05,-0.000944372,2.50227e-05
1.4425e-05,-0.00238447,2.40371e-05
1.4435e-05,-0.000224321,2.3685e-05
1.4445e-05,-0.00166442,2.3333e-05
1.4455e-05,-0.00238447,2.25586e-05
1.4465e-05,-0.00166442,2.23474e-05
1.4475e-05,-0.00238447,2.24178e-05
1.4485e-05,-0.00166442,2.20657e-05
1.4495e-05,-0.00526468,2.15025e-05
1.4505e-05,0.00121578,2.12913e-05
1.4515e-05,0.00265588,2.15729e-05
1.4525e-05,0.00337594,2.05873e-05
1.4535e-05,0.00121578,2.0024e-05
1.4545e-05,-0.00382458,1.88272e-05
1.4555e-05,-0.000944372,1.91792e-05
1.4565e-05,-0.00166442,1.98128e-05
1.4575e-05,0.00121578,1.98832e-05
1.4585e-05,-0.00382458,1.88976e-05
1.4595e-05,-0.00454463,1.86863e-05
1.4605e-05,-0.00166442,1.932e-05
1.4615e-05,-0.00382458,1.95312e-05
1.4625e-05,-0.00382458,1.95312e-05
1.4635e-05,-0.000224321,1.88976e-05
1.4645e-05,-0.00238447,1.85455e-05
1.4655e-05,0.00121578,1.76303e-05
1.4665e-05,-0.00166442,1.79823e-05
1.4675e-05,0.000495731,1.65742e-05
1.4685e-05,-0.000944372,1.57294e-05
1.4695e-05,-0.000944372,1.53773e-05
1.4705e-05,-0.000224321,1.73487e-05
1.4715e-05,-0.000944372,1.84751e-05
1.4725e-05,-0.000224321,1.79119e-05
1.4735e-05,-0.000224321,1.73487e-05
1.4745e-05,-0.00238447,1.62222e-05
1.4755e-05,-0.00310453,1.50957e-05
1.4765e-05,-0.00310453,1.43917e-05
1.4775e-05,-0.000944372,1.36172e-05
1.4785e-05,-0.00238447,1.54477e-05
1.4795e-05,-0.000944372,1.73487e-05
1.4805e-05,-0.00166442,1.73487e-05
1.4815e-05,-0.00310453,1.64334e-05
1.4825e-05,0.00121578,1.47437e-05
1.4835e-05,-0.00382458,1.31948e-05
1.4845e-05,0.000495731,1.24908e-05
1.4855e-05,-0.000224321,1.3406e-05
1.4865e-05,-0.000224321,1.53069e-05
1.4875e-05,0.000495731,1.72783e-05
1.4885e-05,0.000495731,1.84047e-05
1.4895e-05,-0.000944372,1.68558e-05
1.4905e-05,-0.00238447,1.46029e-05
1.4915e-05,-0.00166442,1.35468e-05
1.4925e-05,-0.00310453,1.31948e-05
1.4935e-05,-0.00166442,1.38285e-05
1.4945e-05,-0.000224321,1.29132e-05
1.4955e-05,-0.000944372,1.25612e-05
1.4965e-05,0.00193583,1.21388e-05
1.4975e-05,0.000495731,1.25612e-05
1.4985e-05,-0.00238447,1.24204e-05
1.4995e-05,-0.00310453,1.24204e-05
1.5005e-05,0.000495731,1.36172e-05
1.5015e-05,-0.000224321,1.36172e-05
1.5025e-05,-0.000224321,1.235e-05
1.5035e-05,-0.000224321,1.05195e-05
1.5045e-05,-0.00166442,9.74501e-06
1.5055e-05,-0.000944372,1.11531e-05
1.5065e-05,-0.00238447,1.31244e-05
1.5075e-05,-0.00238447,1.40397e-05
1.5085e-05,-0.000224321,1.34764e-05
1.5095e-05,-0.000944372,1.22796e-05
1.5105e-05,-0.00310453,1.08011e-05
1.5115e-05,-0.00310453,9.6746e-06
1.5125e-05,-0.000944372,8.90016e-06
1.5135e-05,-0.000224321,9.6042e-06
1.5145e-05,-0.00382458,1.04491e-05
1.5155e-05,-0.00238447,1.06603e-05
1.5165e-05,-0.00166442,1.16459e-05
1.5175e-05,-0.00166442,1.21388e-05
1.5185e-05,0.000495731,1.25612e-05
1.5195e-05,-0.00382458,1.2702e-05
1.5205e-05,-0.000944372,1.19275e-05
1.5215e-05,-0.00166442,1.06603e-05
1.5225e-05,-0.00238447,1.01674e-05
1.5235e-05,-0.00166442,9.25218e-06
1.5245e-05,-0.000224321,9.46339e-06
1.5255e-05,-0.00166442,9.18177e-06
1.5265e-05,0.000495731,9.88582e-06
1.5275e-05,-0.00310453,9.95622e-06
1.5285e-05,-0.00166442,9.18177e-06
1.5295e-05,-0.00166442,8.33692e-06
1.5305e-05,-0.000944372,7.77369e-06
1.5315e-05,-0.000944372,8.68895e-06
1.5325e-05,-0.00166442,9.5338e-06
1.5335e-05,-0.000944372,1.07307e-05
1.5345e-05,-0.00166442,1.10123e-05
1.5355e-05,-0.00310453,1.17867e-05
1.5365e-05,-0.00166442,1.15755e-05
1.5375e-05,-0.000944372,1.04491e-05
1.5385e-05,0.00121578,9.39299e-06
1.5395e-05,-0.00310453,9.32258e-06
1.5405e-05,0.032178,8.97056e-06
1.5415e-05,0.276275,6.92884e-06
1.5425e-05,0.663663,-3.66514e-05
1.5435e-05,1.05969,-0.000221955
1.5445e-05,1.43052,-0.000594746
1.5455e-05,1.82367,-0.00106385
1.5465e-05,2.23121,-0.00114348
1.5475e-05,2.6402,-0.00114348
1.5485e-05,3.04919,-0.00114348
1.5495e-05,3.4481,-0.00114348
1.5505e-05,3.81533,-0.00114348
1.5515e-05,3.97086,-0.00114348
1.5525e-05,3.98166,-0.00114348
1.5535e-05,3.99462,-0.00114348
1.5545e-05,4.0299,-0.00114348
1.5555e-05,4.0443,-0.00114348
1.5565e-05,4.03998,-0.00114348
1.5575e-05,4.02486,-0.00114348
1.5585e-05,4.02558,-0.00114348
1.5595e-05,4.0299,-0.00114348
1.5605e-05,4.03134,-0.00114348
1.5615e-05,4.03422,-0.00114348
1.5625e-05,4.02774,-0.00114348
1.5635e-05,4.02918,-0.00114348
1.5645e-05,4.02702,-0.00114348
1.5655e-05,4.02486,-0.00114348
1.5665e-05,4.02342,-0.000869111
1.5675e-05,4.02486,-0.000169152
1.5685e-05,4.0263,3.2556e-05
1.5695e-05,4.0227,-0.000359666
1.5705e-05,4.02126,-0.000733301
1.5715e-05,4.02486,-0.000593267
1.5725e-05,4.02486,-0.000497377
1.5735e-05,4.02414,-0.000421481
1.5745e-05,4.02774,-0.000357765
1.5755e-05,4.02558,-0.000305807
1.5765e-05,4.0227,-0.000263846
1.5775e-05,4.02486,-0.000232586
1.5785e-05,4.02414,-0.000210691
1.5795e-05,4.02558,-0.000196328
1.5805e-05,4.02486,-0.000182318
1.5815e-05,4.0263,-0.000167462
1.5825e-05,4.02558,-0.000155564
1.5835e-05,4.0263,-0.000147186
1.5845e-05,4.0263,-0.000158803
1.5855e-05,4.02558,-0.000139582
1.5865e-05,4.02486,-0.000138597
1.5875e-05,4.02918,-0.00013388
1.5885e-05,4.02702,-0.000129515
1.5895e-05,4.02918,-0.000125501
1.5905e-05,4.02774,-0.000122826
1.5915e-05,4.02846,-0.000120151
1.5925e-05,4.02918,-0.000116279
1.5935e-05,4.0263,-0.000112195
1.5945e-05,4.03062,-0.000108041
1.5955e-05,4.02918,-0.000103887
1.5965e-05,4.03134,-0.000101423
1.5975e-05,4.02846,-0.000101423
1.5985e-05,4.0299,-9.93815e-05
1.5995e-05,4.03134,-9.6847e-05
1.6005e-05,4.0119,-9.56501e-05
1.6015e-05,3.88949,-9.07218e-05
1.6025e-05,3.6958,-6.86149e-05
1.6035e-05,3.49779,2.8895e-05
1.6045e-05,3.31489,0.000219057
1.6055e-05,3.11832,0.000495182
1.6065e-05,2.9131,0.000845302
1.6075e-05,2.70429,0.00114804
1.6085e-05,2.50411,0.00115339
1.6095e-05,2.30106,0.00115339
1.6105e-05,2.12249,0.00115339
1.6115e-05,2.04328,0.00115339
1.6125e-05,2.03752,0.00115339
1.6135e-05,2.03176,0.00115339
1.6145e-05,2.01448,0.00115339
1.6155e-05,2.01016,0.00115339
1.6165e-05,2.01376,0.00115339
1.6175e-05,2.02024,0.00115339
1.6185e-05,2.02096,0.00115339
1.6195e-05,2.02312,0.00115339
1.6205e-05,2.02024,0.00115339
1.6215e-05,2.01448,0.00115339
1.6225e-05,2.01952,0.00113861
1.6235e-05,2.02168,0.000964074
1.6245e-05,2.02024,0.000774898
1.6255e-05,2.02096,0.00061494
1.6265e-05,2.02168,0.000484551
1.6275e-05,2.02024,0.000380001
1.6285e-05,2.02312,0.000297205
1.6295e-05,2.02384,0.000230673
1.6305e-05,2.0224,0.000177659
1.6315e-05,2.02456,0.00013605
1.6325e-05,2.02312,0.000104932
1.6335e-05,2.02096,8.33878e-05
1.6345e-05,2.02024,6.75469e-05
1.6355e-05,2.0224,5.51557e-05
1.6365e-05,2.02096,4.71296e-05
1.6375e-05,2.0224,4.25534e-05
1.6385e-05,2.02456,3.97372e-05
1.6395e-05,2.01952,3.77659e-05
1.6405e-05,2.0224,3.62874e-05
1.6415e-05,2.02096,3.49497e-05
1.6425e-05,2.02168,3.38232e-05
1.6435e-05,2.0224,3.28376e-05
1.6445e-05,2.02096,3.2204e-05
1.6455e-05,2.02096,3.2556e-05
1.6465e-05,2.0224,3.24152e-05
1.6475e-05,2.02168,3.17815e-05
1.6485e-05,2.02024,3.12183e-05
1.6495e-05,2.02312,3.05847e-05
1.6505e-05,2.02168,2.88246e-05
1.6515e-05,2.02096,2.75573e-05
1.6525e-05,2.02096,2.53043e-05
1.6535e-05,2.02024,2.36146e-05
1.6545e-05,2.02168,2.31922e-05
1.6555e-05,2.02096,2.36146e-05
1.6565e-05,2.01736,2.37554e-05
1.6575e-05,2.01736,2.35442e-05
1.6585e-05,2.0188,2.3333e-05
1.6595e-05,2.02096,2.27698e-05
1.6605e-05,2.01952,2.05873e-05
1.6615e-05,2.01808,1.87567e-05
1.6625e-05,2.02024,1.71375e-05
1.6635e-05,2.01952,1.57998e-05
1.6645e-05,2.01736,1.53773e-05
1.6655e-05,2.02024,1.42509e-05
1.6665e-05,2.0188,1.36172e-05
1.6675e-05,2.02168,1.25612e-05
1.6685e-05,2.01736,1.22092e-05
1.6695e-05,2.01808,1.22092e-05
1.6705e-05,2.01736,1.235e-05
1.6715e-05,2.01736,1.15051e-05
1.6725e-05,2.02024,1.11531e-05
1.6735e-05,2.02024,1.17867e-05
1.6745e-05,2.01808,1.20683e-05
1.6755e-05,2.01808,1.18571e-05
1.6765e-05,2.01664,1.14347e-05
1.6775e-05,2.02168,1.17867e-05
1.6785e-05,2.01808,1.19979e-05
1.6795e-05,2.01664,1.16459e-05
1.6805e-05,2.01664,1.00266e-05
1.6815e-05,2.02024,9.88582e-06
1.6825e-05,2.0188,9.81541e-06
1.6835e-05,2.01448,9.11137e-06
1.6845e-05,2.01808,8.61854e-06
1.6855e-05,2.01952,8.90016e-06
1.6865e-05,2.01592,8.54814e-06
1.6875e-05,2.0188,8.90016e-06
1.6885e-05,2.01592,8.19612e-06
1.6895e-05,2.0188,7.9145e-06
1.6905e-05,2.0188,7.49207e-06
1.6915e-05,2.02024,6.71763e-06
1.6925e-05,2.01808,6.43601e-06
1.6935e-05,2.01808,6.64722e-06
1.6945e-05,2.01808,6.99924e-06
1.6955e-05,2.01952,7.21046e-06
1.6965e-05,2.01664,7.06965e-06
1.6975e-05,2.01808,7.35127e-06
1.6985e-05,2.0188,7.14005e-06
1.6995e-05,2.02024,6.78803e-06
1.7005e-05,2.01808,5.94318e-06
1.7015e-05,2.01736,5.23914e-06
1.7025e-05,2.0188,5.87278e-06
1.7035e-05,2.01736,6.01359e-06
1.7045e-05,2.01952,7.06965e-06
1.7055e-05,2.01664,7.56248e-06
1.7065e-05,2.01664,7.56248e-06
1.7075e-05,2.01664,6.99924e-06
1.7085e-05,2.0188,7.06965e-06
1.7095e-05,2.01664,6.08399e-06
1.7105e-05,2.01952,5.30954e-06
1.7115e-05,2.0188,4.18308e-06
1.7125e-05,2.01736,4.6055e-06
1.7135e-05,2.01664,4.67591e-06
1.7145e-05,2.01808,4.25348e-06
1.7155e-05,2.0152,3.83105e-06
1.7165e-05,2.0188,3.76065e-06
1.7175e-05,2.01592,4.11267e-06
1.7185e-05,2.01808,4.11267e-06
1.7195e-05,2.01808,4.04227e-06
1.7205e-05,2.01808,3.97186e-06
1.7215e-05,2.01448,4.39429e-06
1.7225e-05,2.01808,4.11267e-06
1.7235e-05,2.01736,4.32388e-06
1.7245e-05,2.01952,3.40863e-06
1.7255e-05,2.02024,3.76065e-06
1.7265e-05,2.01952,3.69025e-06
1.7275e-05,2.0152,2.77499e-06
1.7285e-05,2.01736,1.93014e-06
1.7295e-05,2.0188,2.35257e-06
1.7305e-05,2.0188,1.93014e-06
1.7315e-05,2.01952,2.00055e-06
1.7325e-05,2.01808,2.63418e-06
1.7335e-05,2.01736,3.54944e-06
1.7345e-05,2.01736,4.04227e-06
1.7355e-05,2.01664,4.46469e-06
1.7365e-05,2.01952,4.39429e-06
1.7375e-05,2.0188,4.11267e-06
1.7385e-05,2.01952,3.33823e-06
1.7395e-05,2.01808,2.9158e-06
1.7405e-05,2.01448,3.33823e-06
1.7415e-05,2.01592,3.26782e-06
1.7425e-05,2.0188,3.19742e-06
1.7435e-05,2.01808,2.8454e-06
1.7445e-05,2.01736,2.77499e-06
1.7455e-05,2.01664,2.70459e-06
1.7465e-05,2.01808,2.56378e-06
1.7475e-05,2.01736,2.42297e-06
1.7485e-05,2.01664,2.35257e-06
1.7495e-05,2.0188,2.07095e-06
1.7505e-05,2.0188,2.28216e-06
1.7515e-05,2.01448,2.14135e-06
1.7525e-05,2.01448,1.50772e-06
1.7535e-05,2.01304,5.92461e-07
1.7545e-05,2.01664,4.51652e-07
1.7555e-05,2.01808,8.74078e-07
1.7565e-05,2.0152,1.64852e-06
1.7575e-05,2.0188,2.00055e-06
1.7585e-05,2.01448,2.07095e-06
1.7595e-05,2.01808,2.35257e-06
1.7605e-05,2.01736,2.49337e-06
1.7615e-05,2.01808,2.70459e-06
1.7625e-05,2.01952,2.42297e-06
1.7635e-05,2.01808,2.49337e-06
1.7645e-05,2.01664,3.26782e-06
1.7655e-05,2.0188,2.8454e-06
1.7665e-05,2.01736,2.21176e-06
1.7675e-05,2.01592,1.43731e-06
1.7685e-05,2.01592,1.36691e-06
1.7695e-05,2.0188,1.71893e-06
1.7705e-05,2.01808,1.15569e-06
1.7715e-05,2.01808,1.15569e-06
1.7725e-05,2.01736,8.74078e-07
1.7735e-05,2.0152,1.2261e-06
1.7745e-05,2.01448,1.64852e-06
1.7755e-05,2.01592,2.07095e-06
1.7765e-05,2.01808,1.78933e-06
1.7775e-05,2.01664,1.2261e-06
1.7785e-05,2.01664,1.50772e-06
1.7795e-05,2.0152,1.2965e-06
1.7805e-05,2.0188,1.01489e-06
1.7815e-05,2.0188,3.10844e-07
1.7825e-05,2.0152,-3.22794e-07
1.7835e-05,2.01808,3.10844e-07
1.7845e-05,2.01736,3.81248e-07
1.7855e-05,2.0188,1.2261e-06
1.7865e-05,2.01736,1.93014e-06
1.7875e-05,2.01736,1.71893e-06
1.7885e-05,2.01592,2.00055e-06
1.7895e-05,2.0188,2.42297e-06
1.7905e-05,2.0188,2.00055e-06
1.7915e-05,2.01736,8.03673e-07
1.7925e-05,2.01952,1.70035e-07
1.7935e-05,2.01808,9.96312e-08
1.7945e-05,2.01592,1.15569e-06
1.7955e-05,2.01664,2.07095e-06
1.7965e-05,2.01664,2.63418e-06
1.7975e-05,2.0188,2.14135e-06
1.7985e-05,2.01736,1.78933e-06
1.7995e-05,2.02024,1.2261e-06
1.8005e-05,2.01664,1.43731e-06
1.8015e-05,2.01664,5.22057e-07
1.8025e-05,2.0188,-1.11581e-07
1.8035e-05,2.01808,1.70035e-07
1.8045e-05,2.01808,5.22057e-07
1.8055e-05,2.01736,2.4044e-07
1.8065e-05,2.01808,-1.11581e-07
1.8075e-05,2.01808,9.44482e-07
1.8085e-05,2.01664,1.64852e-06
1.8095e-05,2.01736,1.43731e-06
1.8105e-05,2.0044,1.15569e-06
1.8115e-05,1.87479,2.21176e-06
1.8125e-05,1.68254,2.40371e-05
1.8135e-05,1.48524,0.0001169
1.8145e-05,1.29875,0.000304879
1.8155e-05,1.10793,0.000581357
1.8165e-05,0.89984,0.000933871
1.8175e-05,0.695345,0.00115339
1.8185e-05,0.490851,0.00115339
1.8195e-05,0.289236,0.00115339
1.8205e-05,0.109944,0.00115339
1.8215e-05,0.0292978,0.00115339
1.8225e-05,0.0264176,0.00115339
1.8235e-05,0.0213772,0.00115339
1.8245e-05,0.00121578,0.00115339
1.8255e-05,-0.00598473,0.00115339
1.8265e-05,0.000495731,0.00115339
1.8275e-05,0.00625614,0.00115339
1.8285e-05,0.00625614,0.00115339
1.8295e-05,0.00553609,0.00115339
1.8305e-05,0.00409599,0.00115339
1.8315e-05,0.00409599,0.00115339
1.8325e-05,0.00337594,0.00115339
1.8335e-05,0.0084163,0.00115339
1.8345e-05,0.00769624,0.00115184
1.8355e-05,0.00625614,0.00102645
1.8365e-05,0.00769624,0.000883813
1.8375e-05,0.00625614,0.000764337
1.8385e-05,0.00553609,0.000663378
1.8395e-05,0.00769624,0.000580301
1.8405e-05,0.00769624,0.000509404
1.8415e-05,0.00553609,0.000447237
1.8425e-05,0.00769624,0.000394786
1.8435e-05,0.00625614,0.00035374
1.8445e-05,0.00481604,0.000320016
1.8455e-05,0.00625614,0.000290939
1.8465e-05,0.00553609,0.000266509
1.8475e-05,0.00625614,0.000244402
1.8485e-05,0.00697619,0.000225745
1.8495e-05,0.00409599,0.000210186
1.8505e-05,0.00625614,0.000196316
1.8515e-05,0.00697619,0.000183291
1.8525e-05,0.00625614,0.000171534
1.8535e-05,0.00625614,0.000161607
1.8545e-05,0.00409599,0.000153018
1.8555e-05,0.00409599,0.000144639
1.8565e-05,0.00553609,0.000136895
1.8575e-05,0.00553609,0.000129573
1.8585e-05,0.00697619,0.000123518
1.8595e-05,0.00625614,0.000118168
1.8605e-05,0.00409599,0.00011162
1.8615e-05,-0.000224321,0.000106621
1.8625e-05,0.00337594,0.000100989
1.8635e-05,0.00553609,9.64126e-05
1.8645e-05,0.00337594,9.21179e-05
1.8655e-05,0.00481604,8.9161e-05
1.8665e-05,0.00193583,8.52887e-05
1.8675e-05,0.000495731,8.30358e-05
1.8685e-05,0.00193583,8.07829e-05
1.8695e-05,0.00337594,7.76851e-05
1.8705e-05,0.00265588,7.48689e-05
1.8715e-05,0.00193583,7.07855e-05
1.8725e-05,0.00409599,6.78285e-05
1.8735e-05,0.00193583,6.55756e-05
1.8745e-05,0.00337594,6.44491e-05
1.8755e-05,0.00409599,6.2689e-05
1.8765e-05,0.00121578,6.11401e-05
1.8775e-05,0.00265588,5.90984e-05
1.8785e-05,0.00121578,5.77607e-05
1.8795e-05,0.00193583,5.67046e-05
1.8805e-05,0.00265588,5.42405e-05
1.8815e-05,0.00265588,5.17059e-05
1.8825e-05,0.000495731,4.9453e-05
1.8835e-05,-0.000944372,4.74817e-05
1.8845e-05,-0.000944372,4.60736e-05
1.8855e-05,0.00265588,4.54399e-05
1.8865e-05,0.00193583,4.49471e-05
1.8875e-05,0.000495731,4.41727e-05
1.8885e-05,0.00337594,4.38206e-05
1.8895e-05,0.00193583,4.26942e-05
1.8905e-05,0.00121578,4.14269e-05
1.8915e-05,-0.000224321,4.00188e-05
1.8925e-05,0.000495731,3.88924e-05
1.8935e-05,0.00193583,3.76251e-05
1.8945e-05,0.00121578,3.67802e-05
1.8955e-05,0.000495731,3.57242e-05
1.8965e-05,0.00193583,3.53017e-05
1.8975e-05,-0.000944372,3.55834e-05
1.8985e-05,0.00337594,3.60058e-05
1.8995e-05,0.00193583,3.5513e-05
1.9005e-05,-0.000224321,3.46681e-05
1.9015e-05,-0.000944372,3.2908e-05
1.9025e-05,0.000495731,3.16407e-05
1.9035e-05,0.00265588,3.11479e-05
1.9045e-05,0.00193583,3.05847e-05
1.9055e-05,-0.000224321,2.9951e-05
1.9065e-05,0.000495731,3.01622e-05
1.9075e-05,-0.00166442,3.03734e-05
1.9085e-05,-0.00382458,3.01622e-05
1.9095e-05,-0.00166442,2.9951e-05
1.9105e-05,-0.000224321,2.90358e-05
1.9115e-05,-0.00166442,2.76981e-05
1.9125e-05,-0.000944372,2.72757e-05
1.9135e-05,-0.000224321,2.65012e-05
1.9145e-05,0.00265588,2.5586e-05
1.9155e-05,0.000495731,2.49523e-05
1.9165e-05,0.00121578,2.45299e-05
1.9175e-05,-0.00238447,2.50931e-05
1.9185e-05,-0.000224321,2.5586e-05
1.9205e-05,-0.000224321,2.43187e-05
1.9215e-05,-0.00238447,2.41779e-05
1.9225e-05,0.00121578,2.37554e-05
1.9235e-05,-0.000224321,2.29106e-05
1.9245e-05,-0.000944372,2.21362e-05
1.9255e-05,-0.00238447,2.21362e-05
1.9265e-05,-0.00166442,2.30514e-05
1.9275e-05,-0.000224321,2.20657e-05
1.9285e-05,-0.00238447,2.09393e-05
1.9295e-05,0.00193583,2.09393e-05
1.9305e-05,-0.00238447,2.10097e-05
1.9315e-05,-0.00166442,2.10801e-05
1.9325e-05,0.000495731,2.11505e-05
1.9335e-05,-0.000224321,2.10801e-05
1.9345e-05,-0.00310453,2.03056e-05
1.9355e-05,0.00193583,2.12913e-05
1.9365e-05,-0.00166442,2.17137e-05
1.9375e-05,-0.000224321,2.02352e-05
1.9385e-05,-0.00166442,1.91792e-05
1.9395e-05,0.00121578,1.81935e-05
1.9405e-05,-0.00166442,1.72079e-05
1.9415e-05,-0.00310453,1.69262e-05
1.9425e-05,0.000495731,1.69966e-05
1.9435e-05,-0.00166442,1.69262e-05
1.9445e-05,-0.00166442,1.69966e-05
1.9455e-05,-0.00166442,1.69966e-05
1.9465e-05,-0.00238447,1.6715e-05
1.9475e-05,-0.000944372,1.6363e-05
1.9485e-05,-0.000224321,1.61518e-05
1.9495e-05,-0.00382458,1.50957e-05
1.9505e-05,-0.00238447,1.47437e-05
1.9515e-05,0.00193583,1.53773e-05
1.9525e-05,-0.00166442,1.57294e-05
1.9535e-05,-0.00382458,1.42509e-05
1.9545e-05,-0.000944372,1.42509e-05
1.9555e-05,0.000495731,1.49549e-05
1.9565e-05,-0.00382458,1.51661e-05
1.9575e-05,-0.00238447,1.54477e-05
1.9585e-05,-0.00238447,1.48141e-05
1.9595e-05,0.000495731,1.43917e-05
1.9605e-05,-0.000224321,1.46733e-05
1.9615e-05,-0.00166442,1.5659e-05
1.9625e-05,-0.00166442,1.62926e-05
1.9635e-05,-0.000224321,1.6363e-05
1.9645e-05,-0.000224321,1.62222e-05
1.9655e-05,-0.000944372,1.47437e-05
1.9665e-05,-0.00526468,1.22092e-05
1.9675e-05,-0.00382458,1.18571e-05
1.9685e-05,-0.000944372,1.20683e-05
1.9695e-05,0.000495731,1.31244e-05
1.9705e-05,-0.00310453,1.3758e-05
1.9715e-05,0.000495731,1.3758e-05
1.9725e-05,-0.000224321,1.3406e-05
1.9735e-05,-0.00166442,1.24204e-05
1.9745e-05,-0.00454463,1.13643e-05
1.9755e-05,-0.00166442,1.10123e-05
1.9765e-05,0.000495731,1.06603e-05
1.9775e-05,-0.000944372,1.09419e-05
1.9785e-05,-0.00454463,1.15755e-05
1.9795e-05,-0.000224321,1.2702e-05
1.9805e-05,-0.00238447,1.24908e-05
1.9815e-05,-0.000224321,1.25612e-05
1.9825e-05,-0.00166442,1.22092e-05
1.9835e-05,-0.00382458,1.20683e-05
1.9845e-05,-0.000224321,1.17867e-05
1.9855e-05,-0.00238447,1.15755e-05
1.9865e-05,-0.000944372,1.22092e-05
1.9875e-05,-0.000944372,1.24908e-05
1.9885e-05,-0.00238447,1.34764e-05
1.9895e-05,-0.00454463,1.3054e-05
1.9905e-05,0.000495731,1.2702e-05
1.9915e-05,-0.00238447,1.16459e-05
1.9925e-05,0.000495731,1.08011e-05
1.9935e-05,-0.000224321,1.06603e-05
1.9945e-05,-0.000944372,9.74501e-06
1.9955e-05,-0.00310453,8.61854e-06
1.9965e-05,-0.00310453,8.26652e-06
1.9975e-05,-0.00166442,9.81541e-06
1.9985e-05,-0.00166442,1.14347e-05
1.9995e-05,0.000495731,1.16459e-05
2.0005e-05,0.00193583,1.10827e-05
2.0015e-05,0.00121578,1.03786e-05
2.0025e-05,-0.00382458,1.04491e-05
2.0035e-05,-0.00166442,8.90016e-06
2.0045e-05,-0.00382458,7.49207e-06
2.0055e-05,0.00193583,7.06965e-06
2.0065e-05,0.00121578,8.54814e-06
2.0075e-05,-0.000224321,9.46339e-06
2.0085e-05,0.000495731,9.95622e-06
2.0095e-05,-0.000944372,9.74501e-06
2.0105e-05,-0.00238447,8.97056e-06
2.0115e-05,-0.00238447,8.75935e-06
2.0125e-05,-0.00310453,8.12571e-06
2.0135e-05,-0.00454463,8.05531e-06
2.0145e-05,-0.000944372,8.33692e-06
2.0155e-05,-0.000944372,9.39299e-06
2.0165e-05,-0.00166442,9.74501e-06
2.0175e-05,0.000495731,9.5338e-06
2.0185e-05,-0.00238447,9.74501e-06
2.0195e-05,-0.00598473,1.03082e-05
2.0205e-05,0.0314579,1.15051e-05
2.0215e-05,0.280596,8.05531e-06
2.0225e-05,0.662943,-3.62289e-05
2.0235e-05,1.05753,-0.000224138
2.0245e-05,1.42836,-0.000597984
2.0255e-05,1.82079,-0.00106526
2.0265e-05,2.22977,-0.00114348
2.0275e-05,2.6402,-0.00114348
2.0285e-05,3.04559,-0.00114348
2.0295e-05,3.44666,-0.00114348
2.0305e-05,3.81101,-0.00114348
2.0315e-05,3.9687,-0.00114348
2.0325e-05,3.98598,-0.00114348
2.0335e-05,3.99534,-0.00114348
2.0345e-05,4.02918,-0.00114348
2.0355e-05,4.04214,-0.00114348
2.0365e-05,4.03854,-0.00114348
2.0375e-05,4.02558,-0.00114348
2.0385e-05,4.0263,-0.00114348
2.0395e-05,4.02702,-0.00114348
2.0405e-05,4.02918,-0.00114348
2.0415e-05,4.03062,-0.00114348
2.0425e-05,4.02774,-0.00114348
2.0435e-05,4.02846,-0.00114348
2.0445e-05,4.0263,-0.00114348
2.0455e-05,4.02486,-0.00114348
2.0465e-05,4.02486,-0.00076618
2.0475e-05,4.02558,-0.00013219
2.0485e-05,4.0299,-1.65158e-05
2.0495e-05,4.02486,-0.000520892
2.0505e-05,4.0263,-0.000728936
2.0515e-05,4.02198,-0.000571935
2.0525e-05,4.02054,-0.000475622
2.0535e-05,4.02414,-0.000400078
2.0545e-05,4.02702,-0.00033608
2.0555e-05,4.02558,-0.000285108
2.0565e-05,4.02198,-0.000244203
2.0575e-05,4.02198,-0.00021583
2.0585e-05,4.0227,-0.000195272
2.0595e-05,4.02414,-0.00018098
2.0605e-05,4.02486,-0.000164717
2.0615e-05,4.02702,-0.00015134
2.0625e-05,4.02414,-0.000138949
2.0635e-05,4.0263,-0.000131908
2.0645e-05,4.0263,-0.000157324
2.0655e-05,4.02846,-0.000131979
2.0665e-05,4.02414,-0.000125361
2.0675e-05,4.02846,-0.00012001
2.0685e-05,4.02774,-0.000117616
2.0695e-05,4.02702,-0.000114659
2.0705e-05,4.02918,-0.000111984
2.0715e-05,4.02918,-0.000108745
2.0725e-05,4.02846,-0.000105929
2.0735e-05,4.02702,-0.000102268
2.0745e-05,4.03206,-9.86775e-05
2.0755e-05,4.02846,-9.6495e-05
2.0765e-05,4.02918,-9.48757e-05
2.0775e-05,4.02702,-9.23411e-05
2.0785e-05,4.03062,-8.95953e-05
2.0795e-05,4.02846,-8.7272e-05
2.0805e-05,4.01622,-8.45966e-05
2.0815e-05,3.88661,-8.11468e-05
2.0825e-05,3.69436,-6.13633e-05
2.0835e-05,3.49635,3.68506e-05
2.0845e-05,3.31273,0.000228068
2.0855e-05,3.12048,0.000504827
2.0865e-05,2.91022,0.000854032
2.0875e-05,2.70429,0.00115184
2.0885e-05,2.50051,0.00115339
2.0895e-05,2.30322,0.00115339
2.0905e-05,2.11889,0.00115339
2.0915e-05,2.04328,0.00115339
2.0925e-05,2.03248,0.00115339
2.0935e-05,2.02888,0.00115339
2.0945e-05,2.0188,0.00115339
2.0955e-05,2.00728,0.00115339
2.0965e-05,2.008,0.00115339
2.0975e-05,2.0188,0.00115339
2.0985e-05,2.02096,0.00115339
2.0995e-05,2.01952,0.00115339
2.1005e-05,2.01736,0.00115339
2.1015e-05,2.01592,0.00115339
2.1025e-05,2.01664,0.00113621
2.1035e-05,2.01952,0.000959146
2.1045e-05,2.02024,0.000769899
2.1055e-05,2.02312,0.0006098
2.1065e-05,2.02312,0.000479834
2.1075e-05,2.0224,0.000375777
2.1085e-05,2.0188,0.00029284
2.1095e-05,2.02384,0.000227787
2.1105e-05,2.0224,0.000175617
2.1115e-05,2.0224,0.000134501
2.1125e-05,2.02096,0.000104087
2.1135e-05,2.02168,8.33174e-05
2.1145e-05,2.02312,6.81805e-05
2.1155e-05,2.02024,5.63526e-05
2.1165e-05,2.02312,4.64256e-05
2.1175e-05,2.0224,3.97372e-05
2.1185e-05,2.01952,3.68506e-05
2.1195e-05,2.0224,3.51609e-05
2.1205e-05,2.0224,3.39641e-05
2.1215e-05,2.02312,3.30488e-05
2.1225e-05,2.02312,3.19927e-05
2.1235e-05,2.02096,3.17815e-05
2.1245e-05,2.02096,3.24856e-05
2.1255e-05,2.01952,3.326e-05
2.1265e-05,2.01952,3.24152e-05
2.1275e-05,2.01952,3.12183e-05
2.1285e-05,2.01736,3.02326e-05
2.1295e-05,2.0188,2.91766e-05
2.1305e-05,2.01952,2.86837e-05
2.1315e-05,2.02096,2.75573e-05
2.1325e-05,2.02024,2.67828e-05
2.1335e-05,2.01592,2.57268e-05
2.1345e-05,2.02096,2.44595e-05
2.1355e-05,2.02024,2.36146e-05
2.1365e-05,2.02168,2.22066e-05
2.1375e-05,2.01952,2.03056e-05
2.1385e-05,2.0188,2.0024e-05
2.1395e-05,2.01952,1.97424e-05
2.1405e-05,2.01808,1.84047e-05
2.1415e-05,2.01808,1.74191e-05
2.1425e-05,2.01952,1.67854e-05
2.1435e-05,2.0188,1.66446e-05
2.1445e-05,2.01736,1.64334e-05
2.1455e-05,2.0224,1.62222e-05
2.1465e-05,2.01736,1.53069e-05
2.1475e-05,2.02024,1.43213e-05
2.1485e-05,2.01952,1.43213e-05
2.1495e-05,2.01736,1.42509e-05
2.1505e-05,2.0188,1.43917e-05
2.1515e-05,2.0188,1.38989e-05
2.1525e-05,2.01592,1.35468e-05
2.1535e-05,2.01736,1.36172e-05
2.1545e-05,2.0188,1.29836e-05
2.1555e-05,2.02096,1.20683e-05
2.1565e-05,2.01736,1.14347e-05
2.1575e-05,2.02024,1.02378e-05
2.1585e-05,2.01736,9.6746e-06
2.1595e-05,2.01952,8.68895e-06
2.1605e-05,2.02096,8.61854e-06
2.1615e-05,2.0188,8.26652e-06
2.1625e-05,2.01592,9.04097e-06
2.1635e-05,2.0188,1.02378e-05
2.1645e-05,2.02168,9.18177e-06
2.1655e-05,2.01808,9.11137e-06
2.1665e-05,2.0188,9.18177e-06
2.1675e-05,2.02096,9.88582e-06
2.1685e-05,2.01808,9.88582e-06
2.1695e-05,2.0152,9.18177e-06
2.1705e-05,2.01808,8.19612e-06
2.1715e-05,2.01808,8.12571e-06
2.1725e-05,2.01736,7.8441e-06
2.1735e-05,2.01592,7.70329e-06
2.1745e-05,2.0188,7.9849e-06
2.1755e-05,2.02096,7.42167e-06
2.1765e-05,2.01736,6.99924e-06
2.1775e-05,2.02024,6.57682e-06
2.1785e-05,2.01808,6.43601e-06
2.1795e-05,2.01664,6.2248e-06
2.1805e-05,2.01592,6.57682e-06
2.1815e-05,2.01808,5.73197e-06
2.1825e-05,2.0188,4.04227e-06
2.1835e-05,2.01592,2.8454e-06
2.1845e-05,2.01664,3.19742e-06
2.1855e-05,2.01736,4.46469e-06
2.1865e-05,2.01808,6.15439e-06
2.1875e-05,2.01736,6.15439e-06
2.1885e-05,2.01808,5.09833e-06
2.1895e-05,2.01808,4.46469e-06
2.1905e-05,2.01736,4.5351e-06
2.1915e-05,2.01664,5.94318e-06
2.1925e-05,2.0188,6.71763e-06
2.1935e-05,2.0152,7.70329e-06
2.1945e-05,2.01592,6.99924e-06
2.1955e-05,2.02024,5.02793e-06
2.1965e-05,2.01808,3.26782e-06
2.1975e-05,2.01808,2.49337e-06
2.1985e-05,2.01952,2.9862e-06
2.1995e-05,2.01736,5.23914e-06
2.2005e-05,2.01808,5.30954e-06
2.2015e-05,2.01736,5.16873e-06
2.2025e-05,2.01592,4.67591e-06
2.2035e-05,2.01736,2.9158e-06
2.2045e-05,2.0188,2.21176e-06
2.2055e-05,2.01736,1.2965e-06
2.2065e-05,2.01592,2.07095e-06
2.2075e-05,2.0188,2.8454e-06
2.2085e-05,2.01952,2.70459e-06
2.2095e-05,2.02024,2.70459e-06
2.2105e-05,2.01736,2.07095e-06
2.2115e-05,2.01808,2.14135e-06
2.2125e-05,2.01376,3.54944e-06
2.2135e-05,2.01808,4.67591e-06
2.2145e-05,2.01664,4.88712e-06
2.2155e-05,2.01736,4.5351e-06
2.2165e-05,2.01592,3.54944e-06
2.2175e-05,2.01808,2.21176e-06
2.2185e-05,2.01736,2.35257e-06
2.2195e-05,2.01592,3.83105e-06
2.2205e-05,2.01736,4.74631e-06
2.2215e-05,2.01808,4.32388e-06
2.2225e-05,2.01592,4.46469e-06
2.2235e-05,2.01736,4.74631e-06
2.2245e-05,2.01664,4.6055e-06
2.2255e-05,2.01592,4.5351e-06
2.2265e-05,2.01808,4.88712e-06
2.2275e-05,2.0152,5.02793e-06
2.2285e-05,2.01664,3.54944e-06
2.2295e-05,2.01664,1.2965e-06
2.2305e-05,2.01664,-1.81986e-07
2.2315e-05,2.01376,5.22057e-07
2.2325e-05,2.01592,2.07095e-06
2.2335e-05,2.01592,3.40863e-06
2.2345e-05,2.01448,2.42297e-06
2.2355e-05,2.01736,1.01489e-06
2.2365e-05,2.02312,-3.93198e-07
2.2375e-05,2.01664,-6.04411e-07
2.2385e-05,2.0152,8.03673e-07
2.2395e-05,2.01808,2.63418e-06
2.2405e-05,2.01592,4.46469e-06
2.2415e-05,2.02096,4.88712e-06
2.2425e-05,2.01592,3.19742e-06
2.2435e-05,2.02024,3.10844e-07
2.2445e-05,2.01736,-6.74815e-07
2.2455e-05,2.0188,1.70035e-07
2.2465e-05,2.01664,1.08529e-06
2.2475e-05,2.01952,8.03673e-07
2.2485e-05,2.01736,1.70035e-07
2.2495e-05,2.01592,3.81248e-07
2.2505e-05,2.01592,2.4044e-07
2.2515e-05,2.01304,1.2261e-06
2.2525e-05,2.01592,1.64852e-06
2.2535e-05,2.01664,3.76065e-06
2.2545e-05,2.01808,4.46469e-06
2.2555e-05,2.01592,2.63418e-06
2.2565e-05,2.01808,5.92461e-07
2.2575e-05,2.0152,9.44482e-07
2.2585e-05,2.01952,2.49337e-06
2.2595e-05,2.0188,3.19742e-06
2.2605e-05,2.01952,2.9158e-06
2.2615e-05,2.01592,2.00055e-06
2.2625e-05,2.0188,1.50772e-06
2.2635e-05,2.01664,1.01489e-06
2.2645e-05,2.01808,-3.22794e-07
2.2655e-05,2.01736,-1.30845e-06
2.2665e-05,2.01592,-8.86028e-07
2.2675e-05,2.01664,8.74078e-07
2.2685e-05,2.01736,1.85974e-06
2.2695e-05,2.01664,2.14135e-06
2.2705e-05,2.01736,2.21176e-06
2.2715e-05,2.01808,1.85974e-06
2.2725e-05,2.01808,2.42297e-06
2.2735e-05,2.01808,2.14135e-06
2.2745e-05,2.0188,1.2965e-06
2.2755e-05,2.0188,3.10844e-07
2.2765e-05,2.0188,9.96312e-08
2.2775e-05,2.01808,8.03673e-07
2.2785e-05,2.01592,1.43731e-06
2.2795e-05,2.01736,1.71893e-06
2.2805e-05,2.0188,2.00055e-06
2.2815e-05,2.02168,1.2261e-06
2.2825e-05,2.0188,1.01489e-06
2.2835e-05,2.01808,1.2965e-06
2.2845e-05,2.01592,9.44482e-07
2.2855e-05,2.01808,1.08529e-06
2.2865e-05,2.01808,6.62865e-07
2.2875e-05,2.01736,4.51652e-07
2.2885e-05,2.01808,1.15569e-06
2.2895e-05,2.01808,1.15569e-06
2.2905e-05,2.00008,1.15569e-06
2.2915e-05,1.87695,1.08529e-06
2.2925e-05,1.68326,2.18545e-05
2.2935e-05,1.48308,0.000115211
2.2945e-05,1.29587,0.000303753
2.2955e-05,1.10865,0.000580371
2.2965e-05,0.89984,0.000933589
2.2975e-05,0.691745,0.00115339
2.2985e-05,0.490851,0.00115339
2.2995e-05,0.289956,0.00115339
2.3005e-05,0.109944,0.00115339
2.3015e-05,0.0307379,0.00115339
2.3025e-05,0.0249775,0.00115339
2.3035e-05,0.0199371,0.00115339
2.3045e-05,0.00265588,0.00115339
2.3055e-05,-0.00382458,0.00115339
2.3065e-05,-0.000224321,0.00115339
2.3075e-05,0.00553609,0.00115339
2.3085e-05,0.00625614,0.00115339
2.3095e-05,0.00625614,0.00115339
2.3105e-05,0.00409599,0.00115339
2.3115e-05,0.00409599,0.00115339
2.3125e-05,0.00481604,0.00115339
2.3135e-05,0.0084163,0.00115339
2.3145e-05,0.00697619,0.00114593
2.3155e-05,0.00769624,0.00101547
2.3165e-05,0.00769624,0.000873323
2.3175e-05,0.00625614,0.000754622
2.3185e-05,0.00697619,0.000654507
2.3195e-05,0.0084163,0.000570163
2.3205e-05,0.00625614,0.000498914
2.3215e-05,0.00769624,0.00043738
2.3225e-05,0.00769624,0.000387041
2.3235e-05,0.0084163,0.000346488
2.3245e-05,0.00553609,0.000311849
2.3255e-05,0.00553609,0.000282984
2.3265e-05,0.00769624,0.000258765
2.3275e-05,0.00553609,0.000237714
2.3285e-05,0.00625614,0.00021962
2.3295e-05,0.00409599,0.000204905
2.3305e-05,0.0084163,0.000191247
2.3315e-05,0.00625614,0.000178434
2.3325e-05,0.00625614,0.000166958
2.3335e-05,0.00409599,0.000157735
2.3345e-05,0.00337594,0.000150201
2.3355e-05,0.00625614,0.00014133
2.3365e-05,0.00553609,0.000133164
2.3375e-05,0.00481604,0.000125701
2.3385e-05,0.00193583,0.000120632
2.3395e-05,0.00769624,0.000114647
2.3405e-05,0.00409599,0.000109226
2.3415e-05,0.00265588,0.000104157
2.3425e-05,0.00481604,0.000100214
2.3435e-05,0.00625614,9.52861e-05
2.3445e-05,0.00337594,9.04986e-05
2.3455e-05,0.00409599,8.61336e-05
2.3465e-05,0.00409599,8.30358e-05
2.3475e-05,0.00625614,8.12757e-05
2.3485e-05,0.00265588,8.00084e-05
2.3495e-05,0.00409599,7.74035e-05
2.3505e-05,0.00121578,7.27568e-05
2.3515e-05,-0.000224321,6.83213e-05
2.3525e-05,-0.000224321,6.58572e-05
2.3535e-05,0.00265588,6.36042e-05
2.3545e-05,0.00409599,6.10697e-05
2.3555e-05,0.00481604,6.02952e-05
2.3565e-05,0.00265588,5.88167e-05
2.3575e-05,0.00121578,5.58598e-05
2.3585e-05,0.00121578,5.20579e-05
2.3595e-05,0.00265588,4.93826e-05
2.3605e-05,-0.000224321,4.88193e-05
2.3615e-05,-0.000944372,4.99458e-05
2.3625e-05,0.00265588,4.99458e-05
2.3635e-05,-0.000944372,4.97346e-05
2.3645e-05,0.00265588,4.75521e-05
2.3655e-05,0.00193583,4.58624e-05
2.3665e-05,0.000495731,4.51583e-05
2.3675e-05,0.00121578,4.51583e-05
2.3685e-05,0.00193583,4.38206e-05
2.3695e-05,0.00265588,4.2835e-05
2.3705e-05,0.00265588,4.06525e-05
2.3715e-05,0.000495731,3.81179e-05
2.3725e-05,-0.000944372,3.6217e-05
2.3735e-05,-0.00310453,3.57946e-05
2.3745e-05,0.00193583,3.60762e-05
2.3755e-05,0.00193583,3.5865e-05
2.3765e-05,0.00265588,3.50201e-05
2.3775e-05,0.00121578,3.36824e-05
2.3785e-05,0.00337594,3.38937e-05
2.3795e-05,-0.000224321,3.29784e-05
2.3805e-05,0.00409599,3.2204e-05
2.3815e-05,-0.00238447,3.03734e-05
2.3825e-05,0.00265588,3.00214e-05
2.3835e-05,-0.00238447,2.98102e-05
2.3845e-05,0.000495731,2.8895e-05
2.3855e-05,0.00121578,2.79093e-05
2.3865e-05,-0.00166442,2.69236e-05
2.3875e-05,-0.000944372,2.65716e-05
2.3885e-05,-0.000224321,2.6642e-05
2.3895e-05,0.00193583,2.6994e-05
2.3905e-05,-0.000224321,2.67124e-05
2.3915e-05,0.000495731,2.65716e-05
2.3925e-05,-0.000224321,2.6642e-05
2.3935e-05,-0.000944372,2.60084e-05
2.3945e-05,0.00121578,2.58676e-05
2.3955e-05,-0.00166442,2.58676e-05
2.3965e-05,-0.000224321,2.60788e-05
2.3975e-05,0.000495731,2.5586e-05
2.3985e-05,-0.000224321,2.50931e-05
