
Time,Voltage,Current
5e-09,-0.00238447,-1.81986e-07
1.5e-08,-0.00526468,-1.16764e-06
2.5e-08,-0.00382458,-1.09724e-06
3.5e-08,-0.00310453,-6.74815e-07
4.5e-08,-0.00166442,-1.09724e-06
5.5e-08,-0.00166442,-4.63602e-07
6.5e-08,-0.00238447,-2.5239e-07
7.5e-08,-0.00238447,-5.34007e-07
8.5e-08,-0.00166442,-8.86028e-07
9.5e-08,0.000495731,-8.86028e-07
1.05e-07,0.000495731,-1.09724e-06
1.15e-07,-0.000944372,-2.0829e-06
1.25e-07,-0.00526468,-1.94209e-06
1.35e-07,-0.00382458,-1.87169e-06
1.45e-07,-0.00454463,-1.59007e-06
1.55e-07,-0.00166442,-1.37886e-06
1.65e-07,-0.000944372,-4.11772e-08
1.75e-07,-0.000944372,9.96312e-08
1.85e-07,-0.00238447,1.70035e-07
1.95e-07,-0.00310453,9.96312e-08
2.05e-07,-0.00166442,5.92461e-07
2.15e-07,-0.000224321,-4.63602e-07
2.25e-07,-0.000944372,-1.11581e-07
2.35e-07,-0.00166442,3.10844e-07
2.45e-07,-0.00238447,8.74078e-07
2.55e-07,-0.00238447,1.01489e-06
2.65e-07,-0.000224321,1.2261e-06
2.75e-07,-0.00238447,7.33269e-07
2.85e-07,-0.00166442,5.22057e-07
2.95e-07,-0.00166442,-3.22794e-07
3.05e-07,-0.00454463,-7.45219e-07
3.15e-07,-0.000224321,-3.93198e-07
3.25e-07,0.00121578,-5.34007e-07
3.35e-07,-0.000224321,-7.45219e-07
3.45e-07,-0.00166442,-3.22794e-07
3.55e-07,0.00121578,1.70035e-07
3.65e-07,-0.00166442,-1.81986e-07
3.75e-07,-0.00310453,9.96312e-08
3.85e-07,-0.00310453,5.22057e-07
3.95e-07,-0.00238447,-3.93198e-07
4.05e-07,-0.00454463,-7.45219e-07
4.15e-07,-0.00310453,-8.86028e-07
4.25e-07,-0.00166442,-1.09724e-06
4.35e-07,-0.00238447,-8.86028e-07
4.45e-07,-0.00238447,-4.11772e-08
4.55e-07,-0.00238447,3.10844e-07
4.65e-07,-0.00166442,2.4044e-07
4.75e-07,-0.000224321,2.4044e-07
4.85e-07,-0.000944372,-6.04411e-07
4.95e-07,-0.00166442,-1.23805e-06
5.05e-07,-0.00238447,-8.15624e-07
5.15e-07,-0.000944372,-9.56432e-07
5.25e-07,-0.00238447,-6.04411e-07
5.35e-07,-0.000944372,-1.16764e-06
5.45e-07,-0.00310453,-9.56432e-07
5.55e-07,-0.000944372,-7.45219e-07
5.65e-07,-0.00238447,-5.34007e-07
5.75e-07,-0.00166442,-1.81986e-07
5.85e-07,-0.00166442,-3.93198e-07
5.95e-07,-0.000224321,-1.11581e-07
6.05e-07,-0.000944372,-1.81986e-07
6.15e-07,-0.00166442,-4.11772e-08
6.25e-07,-0.00454463,2.4044e-07
6.35e-07,-0.00238447,3.10844e-07
6.45e-07,-0.00454463,2.9227e-08
6.55e-07,-0.000944372,8.03673e-07
6.65e-07,0.000495731,5.92461e-07
6.75e-07,-0.00166442,2.4044e-07
6.85e-07,-0.00238447,4.51652e-07
6.95e-07,0.000495731,2.4044e-07
7.05e-07,-0.000224321,-6.74815e-07
7.15e-07,0.000495731,-8.86028e-07
7.25e-07,-0.00166442,-3.22794e-07
7.35e-07,0.00193583,-2.5239e-07
7.45e-07,-0.00166442,-4.11772e-08
7.55e-07,0.00121578,-6.74815e-07
7.65e-07,-0.000944372,-5.34007e-07
7.75e-07,-0.00310453,-3.22794e-07
7.85e-07,-0.00382458,-1.16764e-06
7.95e-07,-0.00454463,-1.37886e-06
8.05e-07,-0.00166442,-4.63602e-07
8.15e-07,-0.000224321,9.96312e-08
8.25e-07,-0.00238447,3.81248e-07
8.35e-07,-0.00166442,4.51652e-07
8.45e-07,-0.00382458,1.15569e-06
8.55e-07,-0.00310453,1.78933e-06
8.65e-07,-0.00454463,1.57812e-06
8.75e-07,0.00193583,3.81248e-07
8.85e-07,-0.000224321,-4.11772e-08
8.95e-07,-0.000944372,-8.86028e-07
9.05e-07,0.00193583,-1.30845e-06
9.15e-07,-0.00454463,-1.87169e-06
9.25e-07,-0.00238447,-2.0125e-06
9.35e-07,-0.00238447,-1.30845e-06
9.45e-07,-0.00166442,-1.02684e-06
9.55e-07,-0.00166442,-8.15624e-07
9.65e-07,-0.000224321,-6.74815e-07
9.75e-07,-0.00310453,-1.02684e-06
9.85e-07,-0.00238447,-1.09724e-06
9.95e-07,-0.00382458,-1.80128e-06
1.005e-06,0.0206572,-1.44926e-06
1.015e-06,0.209311,-1.73088e-06
1.025e-06,0.498771,-2.75692e-05
1.035e-06,0.796152,-0.000142962
1.045e-06,1.07337,-0.000375014
1.055e-06,1.36427,-0.000715841
1.065e-06,1.67173,-0.00108659
1.075e-06,1.9828,-0.00114348
1.085e-06,2.2773,-0.00114348
1.095e-06,2.57972,-0.00114348
1.105e-06,2.8483,-0.00114348
1.115e-06,2.97215,-0.00114348
1.125e-06,2.98007,-0.00114348
1.135e-06,2.98871,-0.00114348
1.145e-06,3.01319,-0.00114348
1.155e-06,3.02831,-0.00114348
1.165e-06,3.02399,-0.00114348
1.175e-06,3.01535,-0.00114348
1.185e-06,3.01175,-0.00114348
1.195e-06,3.01247,-0.00114348
1.205e-06,3.01823,-0.00114348
1.215e-06,3.02471,-0.00114348
1.225e-06,3.02039,-0.00114348
1.235e-06,3.02327,-0.00114348
1.245e-06,3.01823,-0.00114348
1.255e-06,3.01463,-0.00114348
1.265e-06,3.01751,-0.00114348
1.275e-06,3.01895,-0.00114348
1.285e-06,3.02111,-0.00114348
1.295e-06,3.02183,-0.00114348
1.305e-06,2.99735,-0.00114348
1.315e-06,2.84182,-0.00114348
1.325e-06,2.59988,-0.00114348
1.335e-06,2.35722,-0.00114348
1.345e-06,2.13185,-0.00114348
1.355e-06,1.88343,-0.00114348
1.365e-06,1.62565,-0.00114348
1.375e-06,1.36715,-0.000994923
1.385e-06,1.11514,-0.00033601
1.395e-06,0.863837,0.000344235
1.405e-06,0.637021,0.000997305
1.415e-06,0.536934,0.00115339
1.425e-06,0.526853,0.00115339
1.435e-06,0.518213,0.00115339
1.445e-06,0.500211,0.00115339
1.455e-06,0.493011,0.00115339
1.465e-06,0.494451,0.00115339
1.475e-06,0.506692,0.00115339
1.485e-06,0.505972,0.00115339
1.495e-06,0.503812,0.00115339
1.505e-06,0.503812,0.00115339
1.515e-06,0.502371,0.00115339
1.525e-06,0.503812,0.00115339
1.535e-06,0.504532,0.00115339
1.545e-06,0.504532,0.00112685
1.555e-06,0.505252,0.000977944
1.565e-06,0.506692,0.000835516
1.575e-06,0.505972,0.00071428
1.585e-06,0.501651,0.000611912
1.595e-06,0.504532,0.000525245
1.605e-06,0.508132,0.00044956
1.615e-06,0.508132,0.000384225
1.625e-06,0.504532,0.000329591
1.635e-06,0.506692,0.000285025
1.645e-06,0.503812,0.000248486
1.655e-06,0.504532,0.000217297
1.665e-06,0.505972,0.000190261
1.675e-06,0.505972,0.000167591
1.685e-06,0.507412,0.00014816
1.695e-06,0.507412,0.000130629
1.705e-06,0.506692,0.000116619
1.715e-06,0.505972,0.000104227
1.725e-06,0.506692,9.33148e-05
1.735e-06,0.506692,8.40919e-05
1.745e-06,0.505972,7.64178e-05
1.755e-06,0.504532,6.93774e-05
1.765e-06,0.505972,6.40971e-05
1.775e-06,0.504532,5.95912e-05
1.785e-06,0.505252,5.48037e-05
1.795e-06,0.508132,5.14243e-05
1.805e-06,0.506692,4.78337e-05
1.815e-06,0.503812,4.42431e-05
1.825e-06,0.505972,4.06525e-05
1.835e-06,0.507412,3.80475e-05
1.845e-06,0.501651,3.47385e-05
1.855e-06,0.506692,3.22744e-05
1.865e-06,0.503812,3.14999e-05
1.875e-06,0.503812,3.09367e-05
1.885e-06,0.509572,2.86133e-05
1.895e-06,0.505972,2.60084e-05
1.905e-06,0.505972,2.45299e-05
1.915e-06,0.504532,2.21362e-05
1.925e-06,0.505252,2.0376e-05
1.935e-06,0.505972,1.98128e-05
1.945e-06,0.505252,1.91088e-05
1.955e-06,0.505972,1.84047e-05
1.965e-06,0.503092,1.77711e-05
1.975e-06,0.503092,1.64334e-05
1.985e-06,0.504532,1.46029e-05
1.995e-06,0.505972,1.31948e-05
2.005e-06,0.504532,1.24204e-05
2.015e-06,0.508852,1.24908e-05
2.025e-06,0.505252,1.22092e-05
2.035e-06,0.503092,1.15051e-05
2.045e-06,0.506692,1.10827e-05
2.055e-06,0.504532,1.12939e-05
2.065e-06,0.505972,1.235e-05
2.075e-06,0.507412,1.21388e-05
2.085e-06,0.508132,1.10827e-05
2.095e-06,0.505972,9.88582e-06
2.105e-06,0.505972,9.18177e-06
2.115e-06,0.505972,8.82975e-06
2.125e-06,0.504532,8.40733e-06
2.135e-06,0.505252,7.8441e-06
2.145e-06,0.505252,7.28086e-06
2.155e-06,0.505252,7.21046e-06
2.165e-06,0.503812,7.63288e-06
2.175e-06,0.503812,7.77369e-06
2.185e-06,0.505972,7.21046e-06
2.195e-06,0.503092,6.08399e-06
2.205e-06,0.503812,6.01359e-06
2.215e-06,0.503812,5.94318e-06
2.225e-06,0.505252,6.57682e-06
2.235e-06,0.508132,6.57682e-06
2.245e-06,0.505252,7.63288e-06
2.255e-06,0.503812,7.63288e-06
2.265e-06,0.502371,6.85844e-06
2.275e-06,0.504532,6.50642e-06
2.285e-06,0.503812,5.66156e-06
2.295e-06,0.505972,4.32388e-06
2.305e-06,0.504532,3.83105e-06
2.315e-06,0.502371,3.40863e-06
2.325e-06,0.508132,3.83105e-06
2.335e-06,0.505972,4.46469e-06
2.345e-06,0.502371,6.2248e-06
2.355e-06,0.503092,6.78803e-06
2.365e-06,0.503092,6.78803e-06
2.375e-06,0.504532,5.87278e-06
2.385e-06,0.504532,4.32388e-06
2.395e-06,0.503812,3.26782e-06
2.405e-06,0.503092,2.77499e-06
2.415e-06,0.503812,2.63418e-06
2.425e-06,0.503812,2.35257e-06
2.435e-06,0.502371,2.9158e-06
2.445e-06,0.500931,3.47903e-06
2.455e-06,0.503092,3.40863e-06
2.465e-06,0.505252,3.69025e-06
2.475e-06,0.502371,4.04227e-06
2.485e-06,0.502371,3.90146e-06
2.495e-06,0.505972,4.25348e-06
2.505e-06,0.502371,2.9862e-06
2.515e-06,0.500211,8.74078e-07
2.525e-06,0.501651,1.01489e-06
2.535e-06,0.503092,1.43731e-06
2.545e-06,0.503092,2.14135e-06
2.555e-06,0.503812,2.56378e-06
2.565e-06,0.502371,3.40863e-06
2.575e-06,0.500211,4.04227e-06
2.585e-06,0.503092,3.47903e-06
2.595e-06,0.502371,3.26782e-06
2.605e-06,0.502371,3.12701e-06
2.615e-06,0.501651,2.8454e-06
2.625e-06,0.505252,3.40863e-06
2.635e-06,0.504532,3.05661e-06
2.645e-06,0.502371,2.70459e-06
2.655e-06,0.503092,2.42297e-06
2.665e-06,0.501651,2.07095e-06
2.675e-06,0.503092,1.78933e-06
2.685e-06,0.503092,1.93014e-06
2.695e-06,0.500931,2.63418e-06
2.705e-06,0.500931,1.2261e-06
2.715e-06,0.501651,1.15569e-06
2.725e-06,0.501651,1.64852e-06
2.735e-06,0.502371,1.57812e-06
2.745e-06,0.502371,1.43731e-06
2.755e-06,0.500211,1.93014e-06
2.765e-06,0.499491,1.71893e-06
2.775e-06,0.498771,1.36691e-06
2.785e-06,0.501651,1.64852e-06
2.795e-06,0.499491,4.51652e-07
2.805e-06,0.501651,6.62865e-07
2.815e-06,0.504532,1.50772e-06
2.825e-06,0.502371,2.35257e-06
2.835e-06,0.502371,1.78933e-06
2.845e-06,0.504532,7.33269e-07
2.855e-06,0.502371,1.15569e-06
2.865e-06,0.500931,1.01489e-06
2.875e-06,0.502371,1.57812e-06
2.885e-06,0.503092,2.07095e-06
2.895e-06,0.499491,1.71893e-06
2.905e-06,0.504532,5.22057e-07
2.915e-06,0.500211,8.03673e-07
2.925e-06,0.503812,1.50772e-06
2.935e-06,0.505972,2.49337e-06
2.945e-06,0.503092,2.14135e-06
2.955e-06,0.503092,2.42297e-06
2.965e-06,0.505252,2.77499e-06
2.975e-06,0.506692,2.35257e-06
2.985e-06,0.504532,1.78933e-06
2.995e-06,0.500931,1.71893e-06
3.005e-06,0.503092,1.50772e-06
3.015e-06,0.500931,1.93014e-06
3.025e-06,0.500931,2.56378e-06
3.035e-06,0.500211,2.42297e-06
3.045e-06,0.501651,1.85974e-06
3.055e-06,0.503092,1.64852e-06
3.065e-06,0.503092,1.36691e-06
3.075e-06,0.504532,8.03673e-07
3.085e-06,0.501651,1.01489e-06
3.095e-06,0.501651,2.4044e-07
3.105e-06,0.502371,-4.11772e-08
3.115e-06,0.503092,9.96312e-08
3.125e-06,0.501651,2.4044e-07
3.135e-06,0.503092,8.74078e-07
3.145e-06,0.502371,3.81248e-07
3.155e-06,0.505972,8.74078e-07
3.165e-06,0.503812,1.01489e-06
3.175e-06,0.505972,1.57812e-06
3.185e-06,0.505972,1.71893e-06
3.195e-06,0.500211,1.50772e-06
3.205e-06,0.505252,5.22057e-07
3.215e-06,0.503092,5.22057e-07
3.225e-06,0.500931,6.62865e-07
3.235e-06,0.503092,5.22057e-07
3.245e-06,0.504532,5.92461e-07
3.255e-06,0.504532,6.62865e-07
3.265e-06,0.500211,1.70035e-07
3.275e-06,0.501651,7.33269e-07
3.285e-06,0.501651,5.22057e-07
3.295e-06,0.503812,9.96312e-08
3.305e-06,0.505252,-3.22794e-07
3.315e-06,0.501651,9.96312e-08
3.325e-06,0.503812,8.74078e-07
3.335e-06,0.503092,9.44482e-07
3.345e-06,0.503092,5.92461e-07
3.355e-06,0.503092,-7.45219e-07
3.365e-06,0.499491,-8.86028e-07
3.375e-06,0.503092,-3.22794e-07
3.385e-06,0.500931,8.74078e-07
3.395e-06,0.503092,3.81248e-07
3.405e-06,0.497331,1.70035e-07
3.415e-06,0.462769,8.03673e-07
3.425e-06,0.416685,5.45035e-06
3.435e-06,0.367722,2.629e-05
3.445e-06,0.323079,6.8955e-05
3.455e-06,0.271955,0.000131051
3.465e-06,0.222272,0.000210819
3.475e-06,0.170428,0.000303542
3.485e-06,0.122184,0.000400418
3.495e-06,0.0725009,0.000494267
3.505e-06,0.0242574,0.000583117
3.515e-06,0.00553609,0.000665912
3.525e-06,0.00265588,0.000738288
3.535e-06,0.00409599,0.000787219
3.545e-06,-0.00238447,0.000807918
3.555e-06,-0.00238447,0.000800525
3.565e-06,-0.000224321,0.000768632
3.575e-06,-0.00166442,0.000717941
3.585e-06,0.00265588,0.000657041
3.595e-06,0.00121578,0.000592974
3.605e-06,-0.00382458,0.000531229
3.615e-06,-0.000224321,0.000474413
3.625e-06,0.000495731,0.000420342
3.635e-06,-0.00166442,0.000370989
3.645e-06,-0.000944372,0.000326564
3.655e-06,-0.00166442,0.000286997
3.665e-06,0.000495731,0.000252499
3.675e-06,-0.00238447,0.000221662
3.685e-06,-0.000944372,0.000195542
3.695e-06,0.00265588,0.000173928
3.705e-06,0.00193583,0.000154074
3.715e-06,0.00121578,0.000137317
3.725e-06,0.00265588,0.000123025
3.735e-06,-0.00166442,0.000111479
3.745e-06,0.00337594,0.00010127
3.755e-06,0.00337594,9.19771e-05
3.765e-06,0.000495731,8.38806e-05
3.775e-06,-0.000224321,7.59954e-05
3.785e-06,0.00265588,7.00814e-05
3.795e-06,0.00337594,6.48715e-05
3.805e-06,0.00121578,6.07177e-05
3.815e-06,-0.000224321,5.63526e-05
3.825e-06,-0.000224321,5.26916e-05
3.835e-06,0.00265588,4.95938e-05
3.845e-06,-0.00310453,4.6848e-05
3.855e-06,-0.000944372,4.34686e-05
3.865e-06,-0.000944372,4.05117e-05
3.875e-06,0.000495731,3.79771e-05
3.885e-06,0.00121578,3.61466e-05
3.895e-06,-0.000944372,3.48793e-05
3.905e-06,0.00193583,3.3612e-05
3.915e-06,-0.000224321,3.24152e-05
3.925e-06,0.00121578,3.06551e-05
3.935e-06,-0.00166442,2.95286e-05
3.945e-06,-0.000944372,2.91062e-05
3.955e-06,-0.000944372,2.74869e-05
3.965e-06,-0.00310453,2.70644e-05
3.975e-06,-0.000224321,2.53043e-05
3.985e-06,-0.00166442,2.41779e-05
3.995e-06,0.000495731,2.31218e-05
4.005e-06,-0.000944372,2.20657e-05
4.015e-06,0.00193583,2.09393e-05
4.025e-06,0.00265588,1.97424e-05
4.035e-06,-0.00238447,1.82639e-05
4.045e-06,-0.00166442,1.73487e-05
4.055e-06,0.00121578,1.77007e-05
4.065e-06,0.000495731,1.69262e-05
4.075e-06,0.000495731,1.71375e-05
4.085e-06,0.000495731,1.72079e-05
4.095e-06,-0.00238447,1.67854e-05
4.105e-06,0.000495731,1.59406e-05
4.115e-06,-0.000944372,1.55886e-05
4.125e-06,-0.000224321,1.49549e-05
4.135e-06,-0.00166442,1.54477e-05
4.145e-06,0.00193583,1.53773e-05
4.155e-06,0.00121578,1.48845e-05
4.165e-06,0.000495731,1.41101e-05
4.175e-06,-0.00238447,1.29836e-05
4.185e-06,-0.000224321,1.20683e-05
4.195e-06,-0.00238447,1.18571e-05
4.205e-06,0.00121578,1.19275e-05
4.215e-06,-0.000944372,1.14347e-05
4.225e-06,-0.00382458,1.05195e-05
4.235e-06,-0.00382458,1.05899e-05
4.245e-06,-0.00310453,1.08715e-05
4.255e-06,-0.00310453,1.05195e-05
4.265e-06,-0.00238447,1.05899e-05
4.275e-06,-0.00310453,9.5338e-06
4.285e-06,-0.00238447,9.11137e-06
4.295e-06,-0.00238447,9.74501e-06
4.305e-06,-0.00166442,9.88582e-06
4.315e-06,-0.00238447,1.00266e-05
4.325e-06,-0.00238447,1.08011e-05
4.335e-06,-0.00166442,1.00266e-05
4.345e-06,-0.00454463,1.05899e-05
4.355e-06,-0.00166442,1.07307e-05
4.365e-06,-0.000224321,1.04491e-05
4.375e-06,-0.00238447,9.74501e-06
4.385e-06,-0.000224321,9.6746e-06
4.395e-06,0.000495731,9.39299e-06
4.405e-06,0.000495731,8.75935e-06
4.415e-06,0.000495731,8.47773e-06
4.425e-06,-0.000944372,8.19612e-06
4.435e-06,0.000495731,7.06965e-06
4.445e-06,-0.000224321,6.64722e-06
4.455e-06,-0.00238447,7.06965e-06
4.465e-06,-0.000224321,8.19612e-06
4.475e-06,-0.00166442,8.12571e-06
4.485e-06,-0.000944372,8.40733e-06
4.495e-06,-0.000224321,8.12571e-06
4.505e-06,-0.000224321,7.63288e-06
4.515e-06,-0.00238447,6.71763e-06
4.525e-06,0.00265588,7.21046e-06
4.535e-06,-0.00238447,7.28086e-06
4.545e-06,-0.00166442,6.78803e-06
4.555e-06,0.000495731,6.43601e-06
4.565e-06,-0.00166442,6.15439e-06
4.575e-06,-0.000944372,6.99924e-06
4.585e-06,-0.00454463,6.50642e-06
4.595e-06,-0.000224321,6.2952e-06
4.605e-06,-0.00238447,5.87278e-06
4.615e-06,-0.00166442,5.80237e-06
4.625e-06,-0.000944372,5.59116e-06
4.635e-06,-0.000224321,5.09833e-06
4.645e-06,-0.00166442,4.32388e-06
4.655e-06,0.00193583,4.25348e-06
4.665e-06,-0.00454463,4.88712e-06
4.675e-06,-0.00310453,5.73197e-06
4.685e-06,-0.000224321,6.36561e-06
4.695e-06,-0.000944372,6.43601e-06
4.705e-06,-0.00454463,6.2952e-06
4.715e-06,-0.00238447,5.37995e-06
4.725e-06,-0.000944372,5.87278e-06
4.735e-06,-0.00454463,6.08399e-06
4.745e-06,-0.000224321,6.2248e-06
4.755e-06,-0.00382458,6.01359e-06
4.765e-06,-0.000944372,6.01359e-06
4.775e-06,-0.00382458,4.81671e-06
4.785e-06,-0.00166442,4.39429e-06
4.795e-06,-0.00238447,4.11267e-06
4.805e-06,-0.00238447,3.97186e-06
4.815e-06,-0.000944372,4.39429e-06
4.825e-06,-0.00382458,4.04227e-06
4.835e-06,-0.00238447,3.19742e-06
4.845e-06,-0.00310453,3.47903e-06
4.855e-06,-0.00310453,4.5351e-06
4.865e-06,-0.000224321,4.39429e-06
4.875e-06,0.000495731,4.6055e-06
4.885e-06,-0.000944372,4.88712e-06
4.895e-06,-0.00454463,5.30954e-06
4.905e-06,-0.00310453,5.30954e-06
4.915e-06,-0.00238447,5.30954e-06
4.925e-06,-0.00238447,5.66156e-06
4.935e-06,-0.00310453,5.37995e-06
4.945e-06,-0.00310453,5.02793e-06
4.955e-06,-0.000944372,4.67591e-06
4.965e-06,-0.000224321,3.90146e-06
4.975e-06,-0.000224321,3.83105e-06
4.985e-06,-0.000224321,3.12701e-06
4.995e-06,-0.000944372,3.47903e-06
5.005e-06,-0.00238447,3.12701e-06
5.015e-06,-0.00310453,3.47903e-06
5.025e-06,-0.00310453,4.18308e-06
5.035e-06,-0.00310453,4.18308e-06
5.045e-06,-0.000944372,4.04227e-06
5.055e-06,-0.00166442,3.90146e-06
5.065e-06,-0.00238447,4.6055e-06
5.075e-06,-0.00166442,3.90146e-06
5.085e-06,-0.00166442,3.83105e-06
5.095e-06,-0.00166442,3.83105e-06
5.105e-06,-0.00382458,3.76065e-06
5.115e-06,-0.000944372,3.90146e-06
5.125e-06,-0.00310453,3.61984e-06
5.135e-06,-0.00526468,2.77499e-06
5.145e-06,-0.000224321,2.49337e-06
5.155e-06,-0.000224321,3.83105e-06
5.165e-06,-0.000944372,4.32388e-06
5.175e-06,-0.00238447,4.18308e-06
5.185e-06,-0.00166442,3.54944e-06
5.195e-06,-0.000944372,3.97186e-06
5.205e-06,-0.000944372,4.5351e-06
5.215e-06,-0.00382458,4.6055e-06
5.225e-06,0.00121578,4.95752e-06
5.235e-06,-0.000944372,3.97186e-06
5.245e-06,-0.00310453,3.12701e-06
5.255e-06,-0.00238447,2.56378e-06
5.265e-06,-0.00454463,1.93014e-06
5.275e-06,-0.00238447,2.00055e-06
5.285e-06,-0.00238447,2.77499e-06
5.295e-06,-0.00382458,3.47903e-06
5.305e-06,-0.00310453,3.97186e-06
5.315e-06,-0.00166442,3.97186e-06
5.325e-06,-0.00238447,3.33823e-06
5.335e-06,-0.000224321,2.9158e-06
5.345e-06,-0.00238447,3.69025e-06
5.355e-06,-0.00238447,3.90146e-06
5.365e-06,-0.00310453,3.76065e-06
5.375e-06,-0.00454463,3.12701e-06
5.385e-06,-0.00166442,2.63418e-06
5.395e-06,-0.00310453,2.42297e-06
5.405e-06,-0.00166442,2.56378e-06
5.415e-06,-0.00382458,3.76065e-06
5.425e-06,-0.00238447,3.83105e-06
5.435e-06,-0.000944372,3.12701e-06
5.445e-06,-0.00238447,2.14135e-06
5.455e-06,-0.000944372,5.92461e-07
5.465e-06,0.000495731,7.33269e-07
5.475e-06,0.000495731,1.43731e-06
5.485e-06,-0.00382458,2.56378e-06
5.495e-06,-0.00238447,3.54944e-06
5.505e-06,0.0199371,3.76065e-06
5.515e-06,0.209311,2.21176e-06
5.525e-06,0.499491,-2.7358e-05
5.535e-06,0.794712,-0.000152185
5.545e-06,1.07337,-0.000403105
5.555e-06,1.36499,-0.000773854
5.565e-06,1.67245,-0.0011313
5.575e-06,1.9828,-0.00114348
5.585e-06,2.28378,-0.00114348
5.595e-06,2.58332,-0.00114348
5.605e-06,2.86054,-0.00114348
5.615e-06,2.97647,-0.00114348
5.625e-06,2.98511,-0.00114348
5.635e-06,2.99447,-0.00114348
5.645e-06,3.02039,-0.00114348
5.655e-06,3.02975,-0.00114348
5.665e-06,3.02471,-0.00114348
5.675e-06,3.01607,-0.00114348
5.685e-06,3.01031,-0.00114348
5.695e-06,3.01247,-0.00114348
5.705e-06,3.01823,-0.00114348
5.715e-06,3.01751,-0.00114348
5.725e-06,3.01751,-0.00114348
5.735e-06,3.01751,-0.00114348
5.745e-06,3.01535,-0.00114348
5.755e-06,3.01751,-0.00114348
5.765e-06,3.01463,-0.00114348
5.775e-06,3.01535,-0.00114348
5.785e-06,3.01895,-0.00114348
5.795e-06,3.02039,-0.00114348
5.805e-06,2.99879,-0.00114348
5.815e-06,2.83894,-0.00114348
5.825e-06,2.597,-0.00114348
5.835e-06,2.35434,-0.00114348
5.845e-06,2.12321,-0.00106737
5.855e-06,1.88055,-0.000681695
5.865e-06,1.62061,-0.0001914
5.875e-06,1.36211,0.000365286
5.885e-06,1.10793,0.000948304
5.895e-06,0.858797,0.00115339
5.905e-06,0.631261,0.00115339
5.915e-06,0.531174,0.00115339
5.925e-06,0.523973,0.00115339
5.935e-06,0.517493,0.00115339
5.945e-06,0.500931,0.00115339
5.955e-06,0.491571,0.00115339
5.965e-06,0.495891,0.00115339
5.975e-06,0.502371,0.00115339
5.985e-06,0.508132,0.00115339
5.995e-06,0.505972,0.00115339
6.005e-06,0.500211,0.00115339
6.015e-06,0.499491,0.00115339
6.025e-06,0.502371,0.00115339
6.035e-06,0.505252,0.00115339
6.045e-06,0.503812,0.00115339
6.055e-06,0.506692,0.00106489
6.065e-06,0.503092,0.000910989
6.075e-06,0.506692,0.000781375
6.085e-06,0.503812,0.000671756
6.095e-06,0.503812,0.000579034
6.105e-06,0.505972,0.000500392
6.115e-06,0.505972,0.000432452
6.125e-06,0.505252,0.000375143
6.135e-06,0.508852,0.000327831
6.145e-06,0.503812,0.000288898
6.155e-06,0.508132,0.000254611
6.165e-06,0.505972,0.000225182
6.175e-06,0.508132,0.0002004
6.185e-06,0.505972,0.000178504
6.195e-06,0.503812,0.00016048
6.205e-06,0.506692,0.000145203
6.215e-06,0.506692,0.000131192
6.225e-06,0.507412,0.000116619
6.235e-06,0.508132,0.00010465
6.245e-06,0.508132,9.57086e-05
6.255e-06,0.507412,8.9865e-05
6.265e-06,0.507412,8.47959e-05
6.275e-06,0.508132,7.78259e-05
6.285e-06,0.503092,7.10671e-05
6.295e-06,0.507412,6.5998e-05
6.305e-06,0.504532,6.17737e-05
6.315e-06,0.505252,5.80423e-05
6.325e-06,0.503092,5.48741e-05
6.335e-06,0.504532,5.19875e-05
6.345e-06,0.505972,5.07203e-05
6.355e-06,0.505972,4.88193e-05
6.365e-06,0.507412,4.62144e-05
6.375e-06,0.505972,4.30462e-05
6.385e-06,0.505252,4.03004e-05
6.395e-06,0.503092,3.90332e-05
6.405e-06,0.502371,3.71322e-05
6.415e-06,0.507412,3.39641e-05
6.425e-06,0.506692,3.2204e-05
6.435e-06,0.507412,3.05847e-05
6.445e-06,0.506692,2.93878e-05
6.455e-06,0.507412,2.84725e-05
6.465e-06,0.507412,2.62196e-05
6.475e-06,0.505972,2.43187e-05
6.485e-06,0.505972,2.3333e-05
6.495e-06,0.503812,2.19953e-05
6.505e-06,0.505252,2.03056e-05
6.515e-06,0.503812,1.932e-05
6.525e-06,0.503812,1.86863e-05
6.535e-06,0.504532,1.81231e-05
6.545e-06,0.505252,1.76303e-05
6.555e-06,0.504532,1.75599e-05
6.565e-06,0.508132,1.74191e-05
6.575e-06,0.504532,1.68558e-05
6.585e-06,0.503812,1.57294e-05
6.595e-06,0.508132,1.50253e-05
6.605e-06,0.505252,1.55886e-05
6.615e-06,0.503092,1.42509e-05
6.625e-06,0.503812,1.50253e-05
6.635e-06,0.503092,1.58702e-05
6.645e-06,0.505972,1.66446e-05
6.655e-06,0.503092,1.52365e-05
6.665e-06,0.503812,1.46029e-05
6.675e-06,0.500931,1.36172e-05
6.685e-06,0.503812,1.17163e-05
6.695e-06,0.507412,1.15051e-05
6.705e-06,0.505972,1.12939e-05
6.715e-06,0.503812,1.03786e-05
6.725e-06,0.503812,9.95622e-06
6.735e-06,0.505252,1.00266e-05
6.745e-06,0.501651,9.39299e-06
6.755e-06,0.503812,7.9849e-06
6.765e-06,0.503092,7.56248e-06
6.775e-06,0.507412,7.9849e-06
6.785e-06,0.507412,8.97056e-06
6.795e-06,0.507412,9.32258e-06
6.805e-06,0.505252,8.90016e-06
6.815e-06,0.500211,9.6746e-06
6.825e-06,0.505252,1.03082e-05
6.835e-06,0.506692,1.08715e-05
6.845e-06,0.500211,1.02378e-05
6.855e-06,0.504532,1.0097e-05
6.865e-06,0.503812,9.32258e-06
6.875e-06,0.503092,1.00266e-05
6.885e-06,0.503812,8.61854e-06
6.895e-06,0.503812,7.9145e-06
6.905e-06,0.504532,7.9145e-06
6.915e-06,0.505972,8.54814e-06
6.925e-06,0.501651,8.47773e-06
6.935e-06,0.505252,7.70329e-06
6.945e-06,0.505252,6.43601e-06
6.955e-06,0.504532,5.30954e-06
6.965e-06,0.503092,5.45035e-06
6.975e-06,0.504532,5.73197e-06
6.985e-06,0.503812,5.73197e-06
6.995e-06,0.505972,4.95752e-06
7.005e-06,0.503812,5.23914e-06
7.015e-06,0.506692,6.15439e-06
7.025e-06,0.503092,7.14005e-06
7.035e-06,0.500211,6.71763e-06
7.045e-06,0.504532,6.43601e-06
7.055e-06,0.504532,4.95752e-06
7.065e-06,0.505972,5.09833e-06
7.075e-06,0.504532,6.2952e-06
7.085e-06,0.503092,6.64722e-06
7.095e-06,0.500211,6.57682e-06
7.105e-06,0.500931,5.23914e-06
7.115e-06,0.500931,3.97186e-06
7.125e-06,0.503092,4.18308e-06
7.135e-06,0.502371,4.88712e-06
7.145e-06,0.501651,5.37995e-06
7.155e-06,0.501651,5.59116e-06
7.165e-06,0.505252,5.87278e-06
7.175e-06,0.500211,5.52076e-06
7.185e-06,0.503092,4.81671e-06
7.195e-06,0.501651,3.69025e-06
7.205e-06,0.502371,4.39429e-06
7.215e-06,0.503812,4.67591e-06
7.225e-06,0.503092,4.04227e-06
7.235e-06,0.500931,3.26782e-06
7.245e-06,0.504532,2.9862e-06
7.255e-06,0.504532,2.49337e-06
7.265e-06,0.503092,2.8454e-06
7.275e-06,0.503812,2.9862e-06
7.285e-06,0.503812,3.83105e-06
7.295e-06,0.500931,3.69025e-06
7.305e-06,0.503812,4.25348e-06
7.315e-06,0.503812,2.77499e-06
7.325e-06,0.504532,2.49337e-06
7.335e-06,0.504532,3.47903e-06
7.345e-06,0.503812,5.66156e-06
7.355e-06,0.501651,7.70329e-06
7.365e-06,0.504532,6.36561e-06
7.375e-06,0.503092,4.74631e-06
7.385e-06,0.501651,3.12701e-06
7.395e-06,0.501651,2.14135e-06
7.405e-06,0.505252,2.77499e-06
7.415e-06,0.503812,5.30954e-06
7.425e-06,0.504532,6.43601e-06
7.435e-06,0.501651,6.50642e-06
7.445e-06,0.502371,5.87278e-06
7.455e-06,0.503812,4.67591e-06
7.465e-06,0.502371,3.76065e-06
7.475e-06,0.500931,2.56378e-06
7.485e-06,0.501651,2.14135e-06
7.495e-06,0.500211,2.70459e-06
7.505e-06,0.502371,1.93014e-06
7.515e-06,0.502371,8.03673e-07
7.525e-06,0.503092,1.2261e-06
7.535e-06,0.503092,1.36691e-06
7.545e-06,0.500211,1.57812e-06
7.555e-06,0.503812,2.56378e-06
7.565e-06,0.503812,2.77499e-06
7.575e-06,0.503092,2.49337e-06
7.585e-06,0.502371,1.64852e-06
7.595e-06,0.501651,1.93014e-06
7.605e-06,0.501651,2.9862e-06
7.615e-06,0.502371,3.47903e-06
7.625e-06,0.504532,2.8454e-06
7.635e-06,0.502371,2.8454e-06
7.645e-06,0.503812,2.9862e-06
7.655e-06,0.503092,3.19742e-06
7.665e-06,0.501651,3.19742e-06
7.675e-06,0.501651,2.9158e-06
7.685e-06,0.503812,2.63418e-06
7.695e-06,0.502371,2.21176e-06
7.705e-06,0.501651,2.21176e-06
7.715e-06,0.503812,2.9862e-06
7.725e-06,0.501651,3.12701e-06
7.735e-06,0.503812,3.12701e-06
7.745e-06,0.503812,2.21176e-06
7.755e-06,0.503812,1.85974e-06
7.765e-06,0.502371,2.07095e-06
7.775e-06,0.504532,1.71893e-06
7.785e-06,0.503092,2.07095e-06
7.795e-06,0.503092,1.85974e-06
7.805e-06,0.500931,1.2261e-06
7.815e-06,0.501651,1.08529e-06
7.825e-06,0.500211,1.71893e-06
7.835e-06,0.503092,1.64852e-06
7.845e-06,0.506692,8.03673e-07
7.855e-06,0.503812,1.01489e-06
7.865e-06,0.503092,1.57812e-06
7.875e-06,0.503092,2.35257e-06
7.885e-06,0.501651,2.8454e-06
7.895e-06,0.503812,2.8454e-06
7.905e-06,0.501651,2.49337e-06
7.915e-06,0.467809,2.42297e-06
7.925e-06,0.418126,7.56248e-06
7.935e-06,0.370602,2.78389e-05
7.945e-06,0.323079,6.90254e-05
7.955e-06,0.274835,0.000131685
7.965e-06,0.222272,0.000211453
7.975e-06,0.171148,0.000304316
7.985e-06,0.122904,0.000401826
7.995e-06,0.073941,0.000496731
8.005e-06,0.0256975,0.000585722
8.015e-06,0.00553609,0.000668658
8.025e-06,0.00481604,0.000741315
8.035e-06,0.00481604,0.000791091
8.045e-06,0.00121578,0.000812353
8.055e-06,-0.00454463,0.000806228
8.065e-06,0.000495731,0.000775461
8.075e-06,-0.000944372,0.000724911
8.085e-06,0.000495731,0.000664434
8.095e-06,0.00193583,0.00060107
8.105e-06,-0.000944372,0.000540734
8.115e-06,0.00121578,0.000483777
8.125e-06,-0.00166442,0.000431114
8.135e-06,-0.00166442,0.00038162
8.145e-06,-0.000944372,0.000336139
8.155e-06,0.00337594,0.000295727
8.165e-06,-0.00166442,0.000261722
8.175e-06,0.000495731,0.000232786
8.185e-06,0.00121578,0.000206877
8.195e-06,0.00121578,0.00018484
8.205e-06,-0.000944372,0.000165479
8.215e-06,-0.000224321,0.000148723
8.225e-06,-0.000944372,0.000133516
8.235e-06,-0.00382458,0.000121054
8.245e-06,-0.000944372,0.000110705
8.255e-06,0.00193583,0.000101411
8.265e-06,-0.000224321,9.26812e-05
8.275e-06,0.00265588,8.38102e-05
8.285e-06,0.000495731,7.69106e-05
8.295e-06,0.000495731,7.07151e-05
8.305e-06,0.00193583,6.64204e-05
8.315e-06,-0.00166442,6.31818e-05
8.325e-06,-0.000944372,5.96616e-05
8.335e-06,0.000495731,5.61414e-05
8.345e-06,-0.000224321,5.25508e-05
8.355e-06,-0.00238447,4.99458e-05
8.365e-06,-0.00166442,4.74817e-05
8.375e-06,0.00121578,4.57216e-05
8.385e-06,-0.000944372,4.33982e-05
8.395e-06,0.00265588,4.15677e-05
8.405e-06,0.000495731,3.9174e-05
8.415e-06,-0.00238447,3.74843e-05
8.425e-06,-0.00166442,3.50201e-05
8.435e-06,0.00265588,3.36824e-05
8.445e-06,-0.000224321,3.26264e-05
8.455e-06,0.00121578,3.11479e-05
8.465e-06,-0.000224321,2.9951e-05
8.475e-06,-0.000944372,2.82613e-05
8.485e-06,-0.00166442,2.76277e-05
8.495e-06,0.000495731,2.63604e-05
8.505e-06,0.00337594,2.57972e-05
8.515e-06,0.00337594,2.46707e-05
8.525e-06,-0.000944372,2.46003e-05
8.535e-06,0.00121578,2.30514e-05
8.545e-06,-0.000224321,2.19249e-05
8.555e-06,-0.00238447,2.19953e-05
8.565e-06,-0.000944372,2.08689e-05
8.575e-06,0.00265588,1.9672e-05
8.585e-06,0.00121578,1.8968e-05
8.595e-06,-0.00166442,1.81935e-05
8.605e-06,-0.00310453,1.86863e-05
8.615e-06,0.00121578,1.94608e-05
8.625e-06,0.00121578,1.88976e-05
8.635e-06,0.00193583,1.75599e-05
8.645e-06,-0.000944372,1.66446e-05
8.655e-06,-0.000944372,1.51661e-05
8.665e-06,-0.000224321,1.36876e-05
8.675e-06,0.000495731,1.36876e-05
8.685e-06,-0.00454463,1.41805e-05
8.695e-06,-0.00310453,1.49549e-05
8.705e-06,-0.000224321,1.49549e-05
8.715e-06,0.00265588,1.41101e-05
8.725e-06,0.000495731,1.3406e-05
8.735e-06,0.00265588,1.29836e-05
8.745e-06,-0.000224321,1.235e-05
8.755e-06,-0.000224321,1.32652e-05
8.765e-06,0.000495731,1.31948e-05
8.775e-06,-0.00166442,1.36172e-05
8.785e-06,-0.00166442,1.34764e-05
8.795e-06,-0.000224321,1.34764e-05
8.805e-06,0.000495731,1.3758e-05
8.815e-06,-0.000944372,1.38989e-05
8.825e-06,0.00265588,1.32652e-05
8.835e-06,0.00337594,1.26316e-05
8.845e-06,-0.00166442,1.18571e-05
8.855e-06,-0.000224321,1.07307e-05
8.865e-06,0.00193583,1.07307e-05
8.875e-06,-0.000944372,9.95622e-06
8.885e-06,-0.000224321,9.6042e-06
8.895e-06,0.000495731,8.97056e-06
8.905e-06,0.00121578,8.68895e-06
8.915e-06,-0.000224321,8.54814e-06
8.925e-06,-0.00166442,9.04097e-06
8.935e-06,0.000495731,9.5338e-06
8.945e-06,-0.00166442,9.95622e-06
8.955e-06,-0.000224321,1.03786e-05
8.965e-06,-0.000944372,1.05195e-05
8.975e-06,-0.000224321,1.09419e-05
8.985e-06,-0.00238447,9.88582e-06
8.995e-06,-0.000944372,9.6042e-06
9.005e-06,-0.000944372,1.00266e-05
9.015e-06,0.000495731,9.6042e-06
9.025e-06,-0.000224321,8.90016e-06
9.035e-06,-0.00166442,9.39299e-06
9.045e-06,0.00121578,8.90016e-06
9.055e-06,-0.00166442,8.40733e-06
9.065e-06,-0.00166442,8.33692e-06
9.075e-06,-0.00382458,7.9145e-06
9.085e-06,-0.000224321,7.35127e-06
9.095e-06,-0.00166442,8.47773e-06
9.105e-06,-0.000944372,9.39299e-06
9.115e-06,-0.00238447,8.82975e-06
9.125e-06,-0.000224321,8.61854e-06
9.135e-06,0.000495731,8.90016e-06
9.145e-06,0.000495731,8.82975e-06
9.155e-06,0.00121578,9.39299e-06
9.165e-06,0.000495731,8.68895e-06
9.175e-06,0.000495731,8.12571e-06
9.185e-06,-0.00310453,7.9145e-06
9.195e-06,-0.000224321,7.56248e-06
9.205e-06,0.000495731,6.92884e-06
9.215e-06,0.000495731,6.15439e-06
9.225e-06,-0.000944372,6.50642e-06
9.235e-06,-0.00310453,6.57682e-06
9.245e-06,-0.00238447,6.01359e-06
9.255e-06,-0.00238447,6.71763e-06
9.265e-06,-0.000224321,6.64722e-06
9.275e-06,-0.00238447,5.80237e-06
9.285e-06,-0.00310453,5.66156e-06
9.295e-06,-0.000224321,6.36561e-06
9.305e-06,-0.000944372,6.50642e-06
9.315e-06,-0.00238447,6.36561e-06
9.325e-06,-0.00166442,6.2248e-06
9.335e-06,-0.00166442,5.87278e-06
9.345e-06,0.000495731,5.80237e-06
9.355e-06,-0.000944372,6.43601e-06
9.365e-06,-0.000224321,6.2952e-06
9.375e-06,-0.000224321,5.94318e-06
9.385e-06,-0.000944372,5.37995e-06
9.395e-06,-0.000224321,5.45035e-06
9.405e-06,-0.00310453,5.45035e-06
9.415e-06,-0.00382458,5.30954e-06
9.425e-06,-0.00166442,5.66156e-06
9.435e-06,-0.00310453,5.73197e-06
9.445e-06,-0.000944372,4.88712e-06
9.455e-06,-0.00238447,4.88712e-06
9.465e-06,0.000495731,5.66156e-06
9.475e-06,-0.00310453,4.88712e-06
9.485e-06,-0.00166442,5.23914e-06
9.495e-06,-0.000944372,5.30954e-06
9.505e-06,-0.000944372,5.45035e-06
9.515e-06,-0.000224321,4.74631e-06
9.525e-06,-0.000944372,5.02793e-06
9.535e-06,0.00193583,5.09833e-06
9.545e-06,-0.00166442,5.02793e-06
9.555e-06,0.000495731,4.5351e-06
9.565e-06,-0.000944372,3.90146e-06
9.575e-06,-0.00238447,4.11267e-06
9.585e-06,-0.000224321,4.67591e-06
9.595e-06,-0.000224321,5.30954e-06
9.605e-06,-0.00454463,5.80237e-06
9.615e-06,-0.00166442,5.80237e-06
9.625e-06,-0.000224321,5.66156e-06
9.635e-06,-0.000224321,5.09833e-06
9.645e-06,-0.00382458,5.23914e-06
9.655e-06,-0.00238447,5.02793e-06
9.665e-06,-0.000944372,5.30954e-06
9.675e-06,-0.000224321,5.45035e-06
9.685e-06,0.000495731,4.25348e-06
9.695e-06,-0.00310453,4.32388e-06
9.705e-06,-0.000944372,4.04227e-06
9.715e-06,0.000495731,3.97186e-06
9.725e-06,-0.00166442,3.54944e-06
9.735e-06,-0.00310453,3.69025e-06
9.745e-06,-0.00166442,3.76065e-06
9.755e-06,-0.00526468,3.90146e-06
9.765e-06,-0.000944372,3.26782e-06
9.775e-06,-0.00238447,2.9862e-06
9.785e-06,-0.00166442,3.40863e-06
9.795e-06,-0.00310453,3.05661e-06
9.805e-06,-0.00454463,4.46469e-06
9.815e-06,-0.00166442,4.39429e-06
9.825e-06,0.000495731,4.5351e-06
9.835e-06,-0.00382458,3.69025e-06
9.845e-06,-0.000224321,3.83105e-06
9.855e-06,-0.00310453,4.32388e-06
9.865e-06,-0.000944372,4.74631e-06
9.875e-06,-0.000944372,4.5351e-06
9.885e-06,0.000495731,3.90146e-06
9.895e-06,0.00121578,2.8454e-06
9.905e-06,-0.000224321,2.63418e-06
9.915e-06,-0.000944372,3.19742e-06
9.925e-06,0.00193583,3.47903e-06
9.935e-06,-0.00238447,3.19742e-06
9.945e-06,-0.00238447,2.63418e-06
9.955e-06,0.00193583,2.8454e-06
9.965e-06,-0.00310453,3.69025e-06
9.975e-06,-0.00382458,4.11267e-06
9.985e-06,-0.00166442,3.69025e-06
9.995e-06,-0.00382458,3.33823e-06
1.0005e-05,0.0228173,3.47903e-06
1.0015e-05,0.20715,2.42297e-06
1.0025e-05,0.498771,-2.58091e-05
1.0035e-05,0.795432,-0.000150284
1.0045e-05,1.07337,-0.000401627
1.0055e-05,1.36787,-0.000773361
1.0065e-05,1.67173,-0.0011313
1.0075e-05,1.9828,-0.00114348
1.0085e-05,2.28738,-0.00114348
1.0095e-05,2.5862,-0.00114348
1.0105e-05,2.85838,-0.00114348
1.0115e-05,2.98007,-0.00114348
1.0125e-05,2.98655,-0.00114348
1.0135e-05,2.99375,-0.00114348
1.0145e-05,3.02111,-0.00114348
1.0155e-05,3.03407,-0.00114348
1.0165e-05,3.02327,-0.00114348
1.0175e-05,3.01823,-0.00114348
1.0185e-05,3.01535,-0.00114348
1.0195e-05,3.01895,-0.00114348
1.0205e-05,3.02543,-0.00114348
1.0215e-05,3.02111,-0.00114348
1.0225e-05,3.01823,-0.00114348
1.0235e-05,3.01679,-0.00114348
1.0245e-05,3.01751,-0.00114348
1.0255e-05,3.01319,-0.00114348
1.0265e-05,3.01607,-0.00114348
1.0275e-05,3.01823,-0.00114348
1.0285e-05,3.01679,-0.00114348
1.0295e-05,3.01967,-0.00108356
1.0305e-05,2.99735,-0.000991755
1.0315e-05,2.84038,-0.000913677
1.0325e-05,2.60204,-0.000826305
1.0335e-05,2.35218,-0.000668318
1.0345e-05,2.12249,-0.000407189
1.0355e-05,1.87623,-4.64376e-05
1.0365e-05,1.61917,0.000401826
1.0375e-05,1.36283,0.000912679
1.0385e-05,1.10865,0.00115339
1.0395e-05,0.857357,0.00115339
1.0405e-05,0.631981,0.00115339
1.0415e-05,0.535494,0.00115339
1.0425e-05,0.521093,0.00115339
1.0435e-05,0.518933,0.00115339
1.0445e-05,0.499491,0.00115339
1.0455e-05,0.490851,0.00115339
1.0465e-05,0.497331,0.00115339
1.0475e-05,0.503092,0.00115339
1.0485e-05,0.505252,0.00115339
1.0495e-05,0.504532,0.00115339
1.0505e-05,0.500211,0.00115339
1.0515e-05,0.502371,0.00115339
1.0525e-05,0.502371,0.00115339
1.0535e-05,0.501651,0.00115339
1.0545e-05,0.504532,0.00115339
1.0555e-05,0.504532,0.00109834
1.0565e-05,0.507412,0.000941122
1.0575e-05,0.508132,0.00080827
1.0585e-05,0.507412,0.000696186
1.0595e-05,0.506692,0.000601422
1.0605e-05,0.509572,0.000519049
1.0615e-05,0.505972,0.000448504
1.0625e-05,0.506692,0.000390491
1.0635e-05,0.508132,0.000343179
1.0645e-05,0.505252,0.000304739
1.0655e-05,0.506692,0.00027017
1.0665e-05,0.508132,0.000238347
1.0675e-05,0.505252,0.000211805
1.0685e-05,0.506692,0.000189205
1.0695e-05,0.508132,0.000170759
1.0705e-05,0.506692,0.000155482
1.0715e-05,0.506692,0.000141894
1.0725e-05,0.507412,0.000129362
1.0735e-05,0.508132,0.000118308
1.0745e-05,0.509572,0.000109297
1.0755e-05,0.505972,0.000100778
1.0765e-05,0.505972,9.27516e-05
1.0775e-05,0.505252,8.59928e-05
1.0785e-05,0.506692,7.94452e-05
1.0795e-05,0.508852,7.38128e-05
1.0805e-05,0.507412,6.88845e-05
1.0815e-05,0.507412,6.42379e-05
1.0825e-05,0.503812,6.08585e-05
1.0835e-05,0.505972,5.70566e-05
1.0845e-05,0.505972,5.48741e-05
1.0855e-05,0.505972,5.26916e-05
1.0865e-05,0.504532,4.98754e-05
1.0875e-05,0.506692,4.66368e-05
1.0885e-05,0.505972,4.33278e-05
1.0895e-05,0.505252,3.98076e-05
1.0905e-05,0.505252,3.76251e-05
1.0915e-05,0.504532,3.57242e-05
1.0925e-05,0.503812,3.38937e-05
1.0935e-05,0.506692,3.2556e-05
1.0945e-05,0.505252,3.17111e-05
1.0955e-05,0.505972,3.10071e-05
1.0965e-05,0.504532,2.95286e-05
1.0975e-05,0.507412,2.81205e-05
1.0985e-05,0.508132,2.72757e-05
1.0995e-05,0.506692,2.629e-05
1.1005e-05,0.505972,2.5938e-05
1.1015e-05,0.506692,2.46707e-05
1.1025e-05,0.506692,2.37554e-05
1.1035e-05,0.505972,2.27698e-05
1.1045e-05,0.501651,2.2629e-05
1.1055e-05,0.505252,2.15025e-05
1.1065e-05,0.505252,2.0376e-05
1.1075e-05,0.506692,1.95312e-05
1.1085e-05,0.500931,1.87567e-05
1.1095e-05,0.505252,1.83343e-05
1.1105e-05,0.503812,1.74895e-05
1.1115e-05,0.504532,1.72079e-05
1.1125e-05,0.504532,1.73487e-05
1.1135e-05,0.505972,1.74895e-05
1.1145e-05,0.500931,1.7067e-05
1.1155e-05,0.503812,1.67854e-05
1.1165e-05,0.503092,1.67854e-05
1.1175e-05,0.504532,1.60814e-05
1.1185e-05,0.503092,1.50253e-05
1.1195e-05,0.504532,1.34764e-05
1.1205e-05,0.505972,1.27724e-05
1.1215e-05,0.503092,1.25612e-05
1.1225e-05,0.503812,1.22092e-05
1.1235e-05,0.504532,1.20683e-05
1.1245e-05,0.505972,1.13643e-05
1.1255e-05,0.505972,1.09419e-05
1.1265e-05,0.503812,1.09419e-05
1.1275e-05,0.505252,1.06603e-05
1.1285e-05,0.503812,1.07307e-05
1.1295e-05,0.505252,1.05899e-05
1.1305e-05,0.503812,1.08715e-05
1.1315e-05,0.505252,1.13643e-05
1.1325e-05,0.505252,1.13643e-05
1.1335e-05,0.504532,1.09419e-05
1.1345e-05,0.501651,1.10123e-05
1.1355e-05,0.504532,1.00266e-05
1.1365e-05,0.504532,1.00266e-05
1.1375e-05,0.505252,1.03786e-05
1.1385e-05,0.502371,1.03082e-05
1.1395e-05,0.504532,1.0097e-05
1.1405e-05,0.504532,1.10827e-05
1.1415e-05,0.502371,1.01674e-05
1.1425e-05,0.503812,9.25218e-06
1.1435e-05,0.503092,9.18177e-06
1.1445e-05,0.503812,9.11137e-06
1.1455e-05,0.503092,8.05531e-06
1.1465e-05,0.503092,6.85844e-06
1.1475e-05,0.500931,7.35127e-06
1.1485e-05,0.503812,6.99924e-06
1.1495e-05,0.501651,6.43601e-06
1.1505e-05,0.503812,6.50642e-06
1.1515e-05,0.500931,6.50642e-06
1.1525e-05,0.503092,7.28086e-06
1.1535e-05,0.501651,7.9145e-06
1.1545e-05,0.505252,7.8441e-06
1.1555e-05,0.503092,7.14005e-06
1.1565e-05,0.503092,7.35127e-06
1.1575e-05,0.501651,8.61854e-06
1.1585e-05,0.500211,9.25218e-06
1.1595e-05,0.504532,8.26652e-06
1.1605e-05,0.505972,7.35127e-06
1.1615e-05,0.501651,6.36561e-06
1.1625e-05,0.505972,6.92884e-06
1.1635e-05,0.505252,6.36561e-06
1.1645e-05,0.505972,5.09833e-06
1.1655e-05,0.503812,4.67591e-06
1.1665e-05,0.500211,5.23914e-06
1.1675e-05,0.499491,5.02793e-06
1.1685e-05,0.503812,4.25348e-06
1.1695e-05,0.505252,4.04227e-06
1.1705e-05,0.503092,4.18308e-06
1.1715e-05,0.505252,5.23914e-06
1.1725e-05,0.507412,5.66156e-06
1.1735e-05,0.504532,5.23914e-06
1.1745e-05,0.500931,4.95752e-06
1.1755e-05,0.502371,5.23914e-06
1.1765e-05,0.504532,5.80237e-06
1.1775e-05,0.502371,5.59116e-06
1.1785e-05,0.504532,4.74631e-06
1.1795e-05,0.503812,4.67591e-06
1.1805e-05,0.506692,5.45035e-06
1.1815e-05,0.498771,6.01359e-06
1.1825e-05,0.502371,6.43601e-06
1.1835e-05,0.503092,5.30954e-06
1.1845e-05,0.502371,5.09833e-06
1.1855e-05,0.501651,4.11267e-06
1.1865e-05,0.503812,3.97186e-06
1.1875e-05,0.501651,4.88712e-06
1.1885e-05,0.500931,4.88712e-06
1.1895e-05,0.503812,4.5351e-06
1.1905e-05,0.505252,4.67591e-06
1.1915e-05,0.503812,5.37995e-06
1.1925e-05,0.500931,5.37995e-06
1.1935e-05,0.500211,5.16873e-06
1.1945e-05,0.501651,5.37995e-06
1.1955e-05,0.506692,4.88712e-06
1.1965e-05,0.500211,4.18308e-06
1.1975e-05,0.503812,3.90146e-06
1.1985e-05,0.504532,3.12701e-06
1.1995e-05,0.500931,2.8454e-06
1.2005e-05,0.500211,3.05661e-06
1.2015e-05,0.501651,4.11267e-06
1.2025e-05,0.504532,4.6055e-06
1.2035e-05,0.498771,4.32388e-06
1.2045e-05,0.502371,4.04227e-06
1.2055e-05,0.502371,3.97186e-06
1.2065e-05,0.501651,3.69025e-06
1.2075e-05,0.503092,4.04227e-06
1.2085e-05,0.501651,3.54944e-06
1.2095e-05,0.503092,2.77499e-06
1.2105e-05,0.502371,2.9158e-06
1.2115e-05,0.502371,2.9158e-06
1.2125e-05,0.500931,3.05661e-06
1.2135e-05,0.504532,2.8454e-06
1.2145e-05,0.503092,2.77499e-06
1.2155e-05,0.504532,3.26782e-06
1.2165e-05,0.501651,3.05661e-06
1.2175e-05,0.503812,3.26782e-06
1.2185e-05,0.505252,3.47903e-06
1.2195e-05,0.504532,2.9158e-06
1.2205e-05,0.503812,2.9862e-06
1.2215e-05,0.502371,2.9862e-06
1.2225e-05,0.502371,3.61984e-06
1.2235e-05,0.503092,3.54944e-06
1.2245e-05,0.504532,3.05661e-06
1.2255e-05,0.504532,2.8454e-06
1.2265e-05,0.503812,3.19742e-06
1.2275e-05,0.505972,2.21176e-06
1.2285e-05,0.500211,9.44482e-07
1.2295e-05,0.504532,1.78933e-06
1.2305e-05,0.501651,2.77499e-06
1.2315e-05,0.500931,3.76065e-06
1.2325e-05,0.504532,3.05661e-06
1.2335e-05,0.503812,2.42297e-06
1.2345e-05,0.500931,1.43731e-06
1.2355e-05,0.503812,1.71893e-06
1.2365e-05,0.500931,2.35257e-06
1.2375e-05,0.503812,2.07095e-06
1.2385e-05,0.503092,2.28216e-06
1.2395e-05,0.503092,2.07095e-06
1.2405e-05,0.500211,2.14135e-06
1.2415e-05,0.467089,2.70459e-06
1.2425e-05,0.417405,7.70329e-06
1.2435e-05,0.368442,2.86837e-05
1.2445e-05,0.322359,7.12079e-05
1.2455e-05,0.275555,0.000133797
1.2465e-05,0.222992,0.000214269
1.2475e-05,0.171148,0.00030671
1.2485e-05,0.122184,0.00040422
1.2495e-05,0.0681806,0.000499125
1.2505e-05,0.0249775,0.000588608
1.2515e-05,0.00769624,0.000672389
1.2525e-05,0.00553609,0.000744906
1.2535e-05,0.00265588,0.000792992
1.2545e-05,-0.00310453,0.000813691
1.2555e-05,-0.00166442,0.000807918
1.2565e-05,-0.00238447,0.000777714
1.2575e-05,0.000495731,0.000726319
1.2585e-05,-0.000224321,0.000665419
1.2595e-05,-0.000944372,0.000602901
1.2605e-05,0.00193583,0.000543479
1.2615e-05,-0.000224321,0.000485959
1.2625e-05,-0.00310453,0.000433015
1.2635e-05,0.00193583,0.000382958
1.2645e-05,0.00193583,0.000338744
1.2655e-05,-0.000224321,0.000299388
1.2665e-05,-0.00166442,0.000264749
1.2675e-05,-0.00166442,0.000234475
1.2685e-05,-0.000944372,0.000208426
1.2695e-05,-0.000224321,0.000187304
1.2705e-05,0.00265588,0.000168436
1.2715e-05,0.00121578,0.000151187
1.2725e-05,0.00265588,0.000135205
1.2735e-05,-0.000944372,0.000122462
1.2745e-05,0.00193583,0.000111197
1.2755e-05,-0.000224321,0.000100778
1.2765e-05,0.000495731,9.16251e-05
1.2775e-05,0.000495731,8.52887e-05
1.2785e-05,0.00121578,7.9586e-05
1.2795e-05,0.00337594,7.40241e-05
1.2805e-05,-0.000944372,6.86029e-05
1.2815e-05,-0.000944372,6.3745e-05
1.2825e-05,0.000495731,5.938e-05
1.2835e-05,-0.000944372,5.55077e-05
1.2845e-05,-0.00238447,5.25508e-05
1.2855e-05,-0.00310453,5.05091e-05
1.2865e-05,-0.000944372,4.80449e-05
1.2875e-05,-0.000224321,4.51583e-05
1.2885e-05,-0.000224321,4.29758e-05
1.2895e-05,-0.00238447,4.05117e-05
1.2905e-05,0.00193583,3.84699e-05
1.2915e-05,0.00265588,3.72731e-05
1.2925e-05,0.000495731,3.56538e-05
1.2935e-05,-0.000944372,3.2908e-05
1.2945e-05,-0.00166442,3.07959e-05
1.2955e-05,-0.000944372,3.04438e-05
1.2965e-05,-0.000224321,3.00918e-05
1.2975e-05,-0.00166442,2.91766e-05
1.2985e-05,-0.00238447,2.90358e-05
1.2995e-05,-0.00310453,2.76981e-05
1.3005e-05,-0.000224321,2.65012e-05
1.3015e-05,-0.000944372,2.57268e-05
1.3025e-05,0.000495731,2.39667e-05
1.3035e-05,0.000495731,2.29106e-05
1.3045e-05,-0.000944372,2.20657e-05
1.3055e-05,-0.000224321,2.18545e-05
1.3065e-05,-0.000224321,2.10801e-05
1.3075e-05,0.00121578,2.10097e-05
1.3085e-05,0.00121578,2.09393e-05
1.3095e-05,-0.000944372,2.12209e-05
1.3105e-05,-0.00166442,2.06577e-05
1.3115e-05,-0.00166442,1.93904e-05
1.3125e-05,0.000495731,1.79823e-05
1.3135e-05,-0.00166442,1.73487e-05
1.3145e-05,0.00121578,1.66446e-05
1.3155e-05,0.00337594,1.62222e-05
1.3165e-05,-0.000944372,1.6363e-05
1.3175e-05,-0.00166442,1.55182e-05
1.3185e-05,-0.00166442,1.57294e-05
1.3195e-05,-0.00454463,1.55182e-05
1.3205e-05,-0.000944372,1.55886e-05
1.3215e-05,0.000495731,1.47437e-05
1.3225e-05,-0.00238447,1.38989e-05
1.3235e-05,-0.000224321,1.34764e-05
1.3245e-05,-0.00310453,1.32652e-05
1.3255e-05,-0.00166442,1.40397e-05
1.3265e-05,-0.000224321,1.50253e-05
1.3275e-05,-0.00238447,1.46029e-05
1.3285e-05,-0.00166442,1.38989e-05
1.3295e-05,-0.00166442,1.31948e-05
1.3305e-05,-0.00166442,1.33356e-05
1.3315e-05,-0.000944372,1.34764e-05
1.3325e-05,0.00121578,1.2702e-05
1.3335e-05,-0.000944372,1.15755e-05
1.3345e-05,0.00121578,1.13643e-05
1.3355e-05,0.000495731,1.12939e-05
1.3365e-05,-0.000944372,1.14347e-05
1.3375e-05,-0.00238447,1.07307e-05
1.3385e-05,-0.00238447,1.15051e-05
1.3395e-05,-0.00166442,1.12939e-05
1.3405e-05,-0.00238447,1.08715e-05
1.3415e-05,-0.000944372,1.15755e-05
1.3425e-05,0.00121578,1.17163e-05
1.3435e-05,-0.000944372,1.10123e-05
1.3445e-05,-0.00238447,9.95622e-06
1.3455e-05,-0.000944372,8.75935e-06
1.3465e-05,-0.00382458,8.82975e-06
1.3475e-05,-0.000224321,8.61854e-06
1.3485e-05,-0.000224321,9.04097e-06
1.3495e-05,-0.00238447,9.18177e-06
1.3505e-05,-0.000224321,9.95622e-06
1.3515e-05,-0.000224321,9.95622e-06
1.3525e-05,-0.00166442,1.00266e-05
1.3535e-05,0.000495731,9.6042e-06
1.3545e-05,-0.000224321,9.39299e-06
1.3555e-05,-0.000944372,8.40733e-06
1.3565e-05,-0.00166442,7.63288e-06
1.3575e-05,-0.00166442,7.49207e-06
1.3585e-05,-0.000224321,8.05531e-06
1.3595e-05,-0.000944372,8.12571e-06
1.3605e-05,-0.00310453,8.40733e-06
1.3615e-05,0.00121578,8.68895e-06
1.3625e-05,0.00121578,9.74501e-06
1.3635e-05,0.00121578,1.0097e-05
1.3645e-05,0.000495731,1.03082e-05
1.3655e-05,0.000495731,9.88582e-06
1.3665e-05,-0.00166442,8.12571e-06
1.3675e-05,-0.000944372,6.43601e-06
1.3685e-05,-0.00238447,5.87278e-06
1.3695e-05,-0.00454463,5.87278e-06
1.3705e-05,-0.000944372,6.43601e-06
1.3715e-05,-0.00166442,6.57682e-06
1.3725e-05,-0.00166442,6.36561e-06
1.3735e-05,-0.00382458,5.37995e-06
1.3745e-05,-0.00166442,5.09833e-06
1.3755e-05,-0.00382458,4.74631e-06
1.3765e-05,-0.000944372,4.95752e-06
1.3775e-05,0.000495731,6.43601e-06
1.3785e-05,-0.00454463,6.92884e-06
1.3795e-05,-0.00238447,7.9849e-06
1.3805e-05,-0.000944372,8.75935e-06
1.3815e-05,-0.00166442,8.33692e-06
1.3825e-05,-0.00382458,7.9145e-06
1.3835e-05,0.00193583,7.9145e-06
1.3845e-05,-0.00166442,7.70329e-06
1.3855e-05,-0.00238447,6.92884e-06
1.3865e-05,-0.000224321,6.64722e-06
1.3875e-05,-0.000944372,7.06965e-06
1.3885e-05,0.00265588,7.14005e-06
1.3895e-05,-0.000944372,7.49207e-06
1.3905e-05,-0.00382458,7.70329e-06
1.3915e-05,-0.000944372,7.77369e-06
1.3925e-05,-0.00454463,6.71763e-06
1.3935e-05,-0.00238447,5.73197e-06
1.3945e-05,-0.00238447,4.39429e-06
1.3955e-05,0.00121578,3.54944e-06
1.3965e-05,-0.00166442,3.97186e-06
1.3975e-05,0.000495731,5.02793e-06
1.3985e-05,-0.00310453,5.30954e-06
1.3995e-05,-0.00166442,6.01359e-06
1.4005e-05,-0.000944372,5.37995e-06
1.4015e-05,-0.00166442,4.18308e-06
1.4025e-05,-0.000224321,3.76065e-06
1.4035e-05,-0.00166442,3.83105e-06
1.4045e-05,-0.000944372,4.5351e-06
1.4055e-05,-0.00166442,4.67591e-06
1.4065e-05,-0.000224321,6.08399e-06
1.4075e-05,-0.00238447,5.94318e-06
1.4085e-05,-0.00238447,6.43601e-06
1.4095e-05,-0.00382458,6.2952e-06
1.4105e-05,-0.00310453,6.50642e-06
1.4115e-05,0.00193583,6.71763e-06
1.4125e-05,-0.000944372,5.94318e-06
1.4135e-05,-0.000224321,5.09833e-06
1.4145e-05,-0.00382458,3.76065e-06
1.4155e-05,-0.000224321,3.19742e-06
1.4165e-05,-0.00310453,3.40863e-06
1.4175e-05,-0.00238447,3.97186e-06
1.4185e-05,-0.00166442,4.46469e-06
1.4195e-05,-0.000944372,4.25348e-06
1.4205e-05,-0.000224321,3.61984e-06
1.4215e-05,-0.00454463,3.12701e-06
1.4225e-05,-0.000944372,2.21176e-06
1.4235e-05,-0.000224321,2.14135e-06
1.4245e-05,-0.000224321,3.05661e-06
1.4255e-05,-0.00310453,4.39429e-06
1.4265e-05,0.00193583,5.80237e-06
1.4275e-05,-0.00310453,6.57682e-06
1.4285e-05,-0.000944372,5.45035e-06
1.4295e-05,-0.000224321,3.97186e-06
1.4305e-05,-0.000944372,3.19742e-06
1.4315e-05,-0.000944372,3.33823e-06
1.4325e-05,-0.00382458,4.11267e-06
1.4335e-05,-0.00238447,4.5351e-06
1.4345e-05,-0.000224321,5.02793e-06
1.4355e-05,-0.000224321,4.5351e-06
1.4365e-05,-0.00310453,3.61984e-06
1.4375e-05,-0.000224321,4.18308e-06
1.4385e-05,-0.00382458,4.88712e-06
1.4395e-05,-0.00166442,5.23914e-06
1.4405e-05,-0.00238447,4.5351e-06
1.4415e-05,0.000495731,3.76065e-06
1.4425e-05,-0.00166442,3.54944e-06
1.4435e-05,-0.000944372,3.47903e-06
1.4445e-05,-0.00382458,3.12701e-06
1.4455e-05,-0.000224321,3.83105e-06
1.4465e-05,-0.00310453,4.5351e-06
1.4475e-05,-0.00166442,5.45035e-06
1.4485e-05,-0.000944372,4.81671e-06
1.4495e-05,-0.00238447,3.19742e-06
1.4505e-05,0.0199371,3.40863e-06
1.4515e-05,0.208591,2.42297e-06
1.4525e-05,0.498051,-2.50347e-05
1.4535e-05,0.794712,-0.000148524
1.4545e-05,1.07265,-0.000399937
1.4555e-05,1.36859,-0.000772939
1.4565e-05,1.67534,-0.00113116
1.4575e-05,1.9828,-0.00114348
1.4585e-05,2.28162,-0.00114348
1.4595e-05,2.58332,-0.00114348
1.4605e-05,2.86126,-0.00114348
1.4615e-05,2.98079,-0.00114348
1.4625e-05,2.98439,-0.00114348
1.4635e-05,2.99591,-0.00114348
1.4645e-05,3.02255,-0.00114348
1.4655e-05,3.03407,-0.00114348
1.4665e-05,3.02903,-0.00114348
1.4675e-05,3.01679,-0.00114348
1.4685e-05,3.01463,-0.00114348
1.4695e-05,3.01679,-0.00114348
1.4705e-05,3.02327,-0.00114348
1.4715e-05,3.02111,-0.00114348
1.4725e-05,3.02039,-0.00114348
1.4735e-05,3.02111,-0.00114348
1.4745e-05,3.01751,-0.00114348
1.4755e-05,3.01679,-0.00114348
1.4765e-05,3.01679,-0.00114348
1.4775e-05,3.01967,-0.00114348
1.4785e-05,3.01607,-0.00107955
1.4795e-05,3.01967,-0.000941698
1.4805e-05,2.99879,-0.000826305
1.4815e-05,2.84182,-0.000728866
1.4825e-05,2.59844,-0.000628328
1.4835e-05,2.35722,-0.000463231
1.4845e-05,2.12321,-0.000202383
1.4855e-05,1.87695,0.000154989
1.4865e-05,1.61557,0.00059586
1.4875e-05,1.35851,0.0010594
1.4885e-05,1.10937,0.00115339
1.4895e-05,0.856637,0.00115339
1.4905e-05,0.631261,0.00115339
1.4915e-05,0.531174,0.00115339
1.4925e-05,0.522533,0.00115339
1.4935e-05,0.518933,0.00115339
1.4945e-05,0.497331,0.00115339
1.4955e-05,0.491571,0.00115339
1.4965e-05,0.496611,0.00115339
1.4975e-05,0.501651,0.00115339
1.4985e-05,0.508132,0.00115339
1.4995e-05,0.503092,0.00115339
1.5005e-05,0.502371,0.00115339
1.5015e-05,0.503092,0.00115339
1.5025e-05,0.503092,0.00115339
1.5035e-05,0.502371,0.00115339
1.5045e-05,0.507412,0.00115339
1.5055e-05,0.507412,0.00110446
1.5065e-05,0.507412,0.000946191
1.5075e-05,0.507412,0.000812212
1.5085e-05,0.507412,0.000699284
1.5095e-05,0.504532,0.000603816
1.5105e-05,0.508852,0.000523062
1.5115e-05,0.506692,0.000452306
1.5125e-05,0.505972,0.00039387
1.5135e-05,0.504532,0.0003467
1.5145e-05,0.508132,0.00030671
1.5155e-05,0.506692,0.000271156
1.5165e-05,0.505252,0.00024046
1.5175e-05,0.505972,0.000214128
1.5185e-05,0.504532,0.000192092
1.5195e-05,0.506692,0.000173012
1.5205e-05,0.505972,0.000156115
1.5215e-05,0.504532,0.000141119
1.5225e-05,0.506692,0.000127954
1.5235e-05,0.506692,0.000117393
1.5245e-05,0.508132,0.00010817
1.5255e-05,0.507412,9.93696e-05
1.5265e-05,0.507412,9.14139e-05
1.5275e-05,0.507412,8.44439e-05
1.5285e-05,0.505972,7.89524e-05
1.5295e-05,0.504532,7.43057e-05
1.5305e-05,0.508132,6.9659e-05
1.5315e-05,0.503812,6.64908e-05
1.5325e-05,0.507412,6.35338e-05
1.5335e-05,0.505972,6.0084e-05
1.5345e-05,0.505972,5.68454e-05
1.5355e-05,0.505252,5.35364e-05
1.5365e-05,0.505252,5.08611e-05
1.5375e-05,0.504532,4.76929e-05
1.5385e-05,0.505252,4.53695e-05
1.5395e-05,0.506692,4.27646e-05
1.5405e-05,0.505972,3.99484e-05
1.5415e-05,0.507412,3.72027e-05
1.5425e-05,0.507412,3.64282e-05
1.5435e-05,0.507412,3.47385e-05
1.5445e-05,0.505972,3.27672e-05
1.5455e-05,0.505252,3.07255e-05
1.5465e-05,0.503812,2.98806e-05
1.5475e-05,0.506692,2.87541e-05
1.5485e-05,0.508852,2.67828e-05
1.5495e-05,0.505972,2.57268e-05
1.5505e-05,0.502371,2.51635e-05
1.5515e-05,0.503812,2.53043e-05
1.5525e-05,0.505972,2.48115e-05
1.5535e-05,0.505252,2.42483e-05
1.5545e-05,0.506692,2.31218e-05
1.5555e-05,0.503092,2.20657e-05
1.5565e-05,0.505972,2.11505e-05
1.5575e-05,0.505252,2.05873e-05
1.5585e-05,0.504532,1.91792e-05
1.5595e-05,0.506692,1.81231e-05
1.5605e-05,0.508132,1.75599e-05
1.5615e-05,0.505252,1.74895e-05
1.5625e-05,0.503092,1.7067e-05
1.5635e-05,0.504532,1.57294e-05
1.5645e-05,0.503092,1.59406e-05
1.5655e-05,0.503812,1.51661e-05
1.5665e-05,0.503812,1.51661e-05
1.5675e-05,0.505252,1.46029e-05
1.5685e-05,0.501651,1.41805e-05
1.5695e-05,0.504532,1.33356e-05
1.5705e-05,0.502371,1.31948e-05
1.5715e-05,0.504532,1.35468e-05
1.5725e-05,0.505252,1.41805e-05
1.5735e-05,0.503092,1.3758e-05
1.5745e-05,0.501651,1.29836e-05
1.5755e-05,0.502371,1.22092e-05
1.5765e-05,0.502371,1.16459e-05
1.5775e-05,0.505972,1.20683e-05
1.5785e-05,0.503812,1.19979e-05
1.5795e-05,0.504532,1.15755e-05
1.5805e-05,0.505972,1.05195e-05
1.5815e-05,0.503812,9.5338e-06
1.5825e-05,0.506692,8.75935e-06
1.5835e-05,0.506692,8.90016e-06
1.5845e-05,0.503092,9.6746e-06
1.5855e-05,0.504532,1.03082e-05
1.5865e-05,0.504532,1.09419e-05
1.5875e-05,0.504532,1.04491e-05
1.5885e-05,0.500931,8.82975e-06
1.5895e-05,0.505972,8.54814e-06
1.5905e-05,0.503092,9.18177e-06
1.5915e-05,0.503092,9.88582e-06
1.5925e-05,0.505972,1.08011e-05
1.5935e-05,0.508852,1.09419e-05
1.5945e-05,0.503092,9.81541e-06
1.5955e-05,0.504532,8.05531e-06
1.5965e-05,0.503092,7.63288e-06
1.5975e-05,0.502371,7.9145e-06
1.5985e-05,0.505972,8.19612e-06
1.5995e-05,0.505252,9.18177e-06
1.6005e-05,0.504532,9.25218e-06
1.6015e-05,0.503092,8.68895e-06
1.6025e-05,0.504532,8.40733e-06
1.6035e-05,0.505972,8.12571e-06
1.6045e-05,0.505972,8.90016e-06
1.6055e-05,0.503812,9.39299e-06
1.6065e-05,0.506692,1.00266e-05
1.6075e-05,0.503812,8.75935e-06
1.6085e-05,0.504532,7.63288e-06
1.6095e-05,0.503092,6.57682e-06
1.6105e-05,0.502371,5.80237e-06
1.6115e-05,0.503812,5.30954e-06
1.6125e-05,0.502371,6.43601e-06
1.6135e-05,0.506692,6.43601e-06
1.6145e-05,0.500931,6.57682e-06
1.6155e-05,0.503812,5.30954e-06
1.6165e-05,0.504532,4.67591e-06
1.6175e-05,0.506692,5.09833e-06
1.6185e-05,0.503812,6.2952e-06
1.6195e-05,0.503092,6.2952e-06
1.6205e-05,0.502371,5.02793e-06
1.6215e-05,0.503092,4.6055e-06
1.6225e-05,0.503812,4.6055e-06
1.6235e-05,0.503092,4.74631e-06
1.6245e-05,0.503092,4.74631e-06
1.6255e-05,0.502371,6.08399e-06
1.6265e-05,0.505252,5.73197e-06
1.6275e-05,0.503812,6.15439e-06
1.6285e-05,0.503092,5.73197e-06
1.6295e-05,0.503092,5.02793e-06
1.6305e-05,0.502371,4.39429e-06
1.6315e-05,0.502371,4.95752e-06
1.6325e-05,0.501651,5.59116e-06
1.6335e-05,0.503092,6.2248e-06
1.6345e-05,0.501651,5.87278e-06
1.6355e-05,0.499491,5.16873e-06
1.6365e-05,0.500211,3.83105e-06
1.6375e-05,0.501651,3.97186e-06
1.6385e-05,0.505252,4.04227e-06
1.6395e-05,0.503092,3.47903e-06
1.6405e-05,0.500931,3.61984e-06
1.6415e-05,0.500931,3.47903e-06
1.6425e-05,0.503812,3.69025e-06
1.6435e-05,0.501651,4.11267e-06
1.6445e-05,0.505972,4.11267e-06
1.6455e-05,0.503812,4.25348e-06
1.6465e-05,0.502371,4.11267e-06
1.6475e-05,0.503812,3.90146e-06
1.6485e-05,0.501651,3.69025e-06
1.6495e-05,0.502371,4.04227e-06
1.6505e-05,0.500931,5.02793e-06
1.6515e-05,0.505972,5.52076e-06
1.6525e-05,0.502371,6.2952e-06
1.6535e-05,0.501651,6.15439e-06
1.6545e-05,0.501651,5.09833e-06
1.6555e-05,0.502371,3.61984e-06
1.6565e-05,0.501651,3.61984e-06
1.6575e-05,0.503092,3.33823e-06
1.6585e-05,0.503812,3.61984e-06
1.6595e-05,0.502371,3.40863e-06
1.6605e-05,0.503092,2.8454e-06
1.6615e-05,0.504532,2.9158e-06
1.6625e-05,0.502371,2.9862e-06
1.6635e-05,0.501651,3.40863e-06
1.6645e-05,0.502371,3.76065e-06
1.6655e-05,0.502371,4.32388e-06
1.6665e-05,0.502371,4.46469e-06
1.6675e-05,0.506692,3.76065e-06
1.6685e-05,0.502371,3.83105e-06
1.6695e-05,0.503812,3.69025e-06
1.6705e-05,0.505252,4.39429e-06
1.6715e-05,0.505252,3.97186e-06
1.6725e-05,0.504532,3.12701e-06
1.6735e-05,0.500931,3.12701e-06
1.6745e-05,0.501651,2.70459e-06
1.6755e-05,0.502371,1.93014e-06
1.6765e-05,0.501651,2.07095e-06
1.6775e-05,0.505252,2.00055e-06
1.6785e-05,0.504532,2.21176e-06
1.6795e-05,0.505252,2.21176e-06
1.6805e-05,0.505972,2.63418e-06
1.6815e-05,0.503812,2.9158e-06
1.6825e-05,0.500931,3.12701e-06
1.6835e-05,0.499491,4.32388e-06
1.6845e-05,0.503812,4.95752e-06
1.6855e-05,0.503092,4.32388e-06
1.6865e-05,0.498771,3.61984e-06
1.6875e-05,0.501651,2.49337e-06
1.6885e-05,0.501651,2.07095e-06
1.6895e-05,0.505252,2.42297e-06
1.6905e-05,0.498051,2.42297e-06
1.6915e-05,0.466369,2.56378e-06
1.6925e-05,0.415965,7.56248e-06
1.6935e-05,0.369162,2.90358e-05
1.6945e-05,0.322359,7.20527e-05
1.6955e-05,0.274835,0.000134079
1.6965e-05,0.225872,0.000214621
1.6975e-05,0.172588,0.000306428
1.6985e-05,0.122904,0.000403586
1.6995e-05,0.0732209,0.000498561
1.7005e-05,0.0249775,0.000586989
1.7015e-05,0.00697619,0.000669503
1.7025e-05,0.00697619,0.000741597
1.7035e-05,0.00337594,0.00079095
1.7045e-05,0.00265588,0.000812776
1.7055e-05,-0.00238447,0.000807214
1.7065e-05,-0.000944372,0.000777714
1.7075e-05,0.000495731,0.000728361
1.7085e-05,-0.000944372,0.000667743
1.7095e-05,0.000495731,0.000603886
1.7105e-05,-0.000224321,0.000543339
1.7115e-05,-0.000944372,0.000485748
1.7125e-05,-0.000224321,0.000432452
1.7135e-05,-0.00238447,0.000383099
1.7145e-05,-0.00238447,0.000339096
1.7155e-05,0.00265588,0.000299529
1.7165e-05,-0.00166442,0.000265453
1.7175e-05,-0.000224321,0.000235039
1.7185e-05,-0.00238447,0.000208848
1.7195e-05,-0.000224321,0.000186178
1.7205e-05,0.00193583,0.000166183
1.7215e-05,-0.000944372,0.000148512
1.7225e-05,0.000495731,0.000133023
1.7235e-05,0.00121578,0.000120561
1.7245e-05,-0.000224321,0.000109085
1.7255e-05,0.00193583,9.93696e-05
1.7265e-05,-0.000944372,9.14843e-05
1.7275e-05,0.00121578,8.41623e-05
1.7285e-05,0.00193583,7.71922e-05
1.7295e-05,0.00121578,7.14191e-05
1.7305e-05,-0.00166442,6.71244e-05
1.7315e-05,0.00121578,6.17033e-05
1.7325e-05,0.00121578,5.74087e-05
1.7335e-05,-0.000224321,5.38885e-05
1.7345e-05,-0.000224321,5.19171e-05
1.7355e-05,-0.00166442,4.9453e-05
1.7365e-05,-0.00166442,4.74817e-05
1.7375e-05,-0.000224321,4.44543e-05
1.7385e-05,-0.000944372,4.22718e-05
1.7395e-05,-0.00238447,4.023e-05
1.7405e-05,-0.00166442,3.88219e-05
1.7415e-05,0.00121578,3.64986e-05
1.7425e-05,-0.000224321,3.50905e-05
1.7435e-05,-0.00166442,3.26968e-05
1.7445e-05,-0.000944372,3.15703e-05
1.7455e-05,-0.00238447,3.03734e-05
1.7465e-05,-0.00166442,2.9599e-05
1.7475e-05,-0.000224321,2.79797e-05
1.7485e-05,-0.000944372,2.72053e-05
1.7495e-05,-0.00238447,2.67828e-05
1.7505e-05,0.00121578,2.54451e-05
1.7515e-05,-0.000944372,2.38963e-05
1.7525e-05,0.00193583,2.27698e-05
1.7535e-05,0.000495731,2.19249e-05
1.7545e-05,0.00193583,2.12209e-05
1.7555e-05,-0.000224321,2.05169e-05
1.7565e-05,-0.000944372,2.01648e-05
1.7575e-05,-0.000944372,2.0024e-05
1.7585e-05,-0.00238447,2.04464e-05
1.7595e-05,0.000495731,2.05873e-05
1.7605e-05,-0.000944372,2.00944e-05
1.7615e-05,-0.00310453,1.98128e-05
1.7625e-05,-0.00382458,1.91088e-05
1.7635e-05,-0.000944372,1.88976e-05
1.7645e-05,-0.000944372,1.77711e-05
1.7655e-05,-0.00238447,1.76303e-05
1.7665e-05,-0.00166442,1.68558e-05
1.7675e-05,-0.00310453,1.60814e-05
1.7685e-05,-0.000944372,1.48845e-05
1.7695e-05,0.00265588,1.45325e-05
1.7705e-05,0.000495731,1.38285e-05
1.7715e-05,-0.000944372,1.32652e-05
1.7725e-05,-0.00310453,1.32652e-05
1.7735e-05,-0.000944372,1.29836e-05
1.7745e-05,-0.000944372,1.24204e-05
1.7755e-05,0.000495731,1.29836e-05
1.7765e-05,-0.00166442,1.31948e-05
1.7775e-05,-0.00238447,1.24908e-05
1.7785e-05,0.00121578,1.26316e-05
1.7795e-05,-0.000944372,1.25612e-05
1.7805e-05,-0.000944372,1.26316e-05
1.7815e-05,0.00337594,1.29132e-05
1.7825e-05,-0.000944372,1.24204e-05
1.7835e-05,-0.00310453,1.24204e-05
1.7845e-05,0.000495731,1.2702e-05
1.7855e-05,-0.00238447,1.235e-05
1.7865e-05,-0.000224321,1.21388e-05
1.7875e-05,-0.00166442,1.15051e-05
1.7885e-05,-0.000944372,1.06603e-05
1.7895e-05,-0.000944372,9.81541e-06
1.7905e-05,0.000495731,9.11137e-06
1.7915e-05,-0.000944372,8.97056e-06
1.7925e-05,-0.00166442,9.04097e-06
1.7935e-05,-0.000224321,9.6746e-06
1.7945e-05,-0.000944372,9.11137e-06
1.7955e-05,-0.00238447,8.82975e-06
1.7965e-05,0.000495731,8.68895e-06
1.7975e-05,0.00121578,8.82975e-06
1.7985e-05,-0.00166442,8.97056e-06
1.7995e-05,-0.000224321,9.32258e-06
1.8005e-05,0.00265588,9.74501e-06
1.8015e-05,-0.000224321,9.25218e-06
1.8025e-05,-0.00310453,8.61854e-06
1.8035e-05,0.000495731,8.33692e-06
1.8045e-05,-0.00166442,8.47773e-06
1.8055e-05,-0.000224321,8.97056e-06
1.8065e-05,-0.00166442,1.03786e-05
1.8075e-05,0.000495731,1.0097e-05
1.8085e-05,-0.000224321,9.39299e-06
1.8095e-05,-0.000224321,8.68895e-06
1.8105e-05,-0.00166442,8.12571e-06
1.8115e-05,-0.00310453,8.05531e-06
1.8125e-05,-0.000224321,8.26652e-06
1.8135e-05,-0.000944372,7.8441e-06
1.8145e-05,-0.000224321,6.57682e-06
1.8155e-05,-0.000944372,6.2952e-06
1.8165e-05,-0.00310453,6.15439e-06
1.8175e-05,-0.00166442,5.87278e-06
1.8185e-05,-0.00238447,6.64722e-06
1.8195e-05,0.000495731,6.85844e-06
1.8205e-05,-0.00166442,6.71763e-06
1.8215e-05,-0.000944372,6.92884e-06
1.8225e-05,-0.00238447,6.2952e-06
1.8235e-05,-0.00382458,5.30954e-06
1.8245e-05,-0.00238447,5.30954e-06
1.8255e-05,-0.00238447,6.15439e-06
1.8265e-05,-0.00382458,5.94318e-06
1.8275e-05,-0.000944372,6.64722e-06
1.8285e-05,-0.00382458,6.36561e-06
1.8295e-05,-0.000224321,6.64722e-06
1.8305e-05,-0.00238447,7.35127e-06
1.8315e-05,-0.00310453,7.14005e-06
1.8325e-05,-0.00310453,7.49207e-06
1.8335e-05,-0.00310453,7.06965e-06
1.8345e-05,-0.00310453,6.78803e-06
1.8355e-05,-0.00166442,6.50642e-06
1.8365e-05,-0.000944372,5.30954e-06
1.8375e-05,0.000495731,4.18308e-06
1.8385e-05,-0.00238447,4.04227e-06
1.8395e-05,-0.000944372,5.23914e-06
1.8405e-05,-0.000944372,5.52076e-06
1.8415e-05,-0.000944372,6.71763e-06
1.8425e-05,-0.00166442,7.21046e-06
1.8435e-05,-0.00310453,6.99924e-06
1.8445e-05,-0.000944372,5.94318e-06
1.8455e-05,-0.00166442,5.94318e-06
1.8465e-05,-0.00238447,5.80237e-06
1.8475e-05,0.00121578,5.45035e-06
1.8485e-05,-0.000944372,5.59116e-06
1.8495e-05,-0.00166442,5.52076e-06
1.8505e-05,0.000495731,5.59116e-06
1.8515e-05,-0.000944372,5.80237e-06
1.8525e-05,0.00121578,5.09833e-06
1.8535e-05,-0.00238447,5.23914e-06
1.8545e-05,0.000495731,5.87278e-06
1.8555e-05,-0.000944372,5.87278e-06
1.8565e-05,-0.000944372,5.37995e-06
1.8575e-05,-0.00382458,4.5351e-06
1.8585e-05,-0.00382458,4.25348e-06
1.8595e-05,0.000495731,4.95752e-06
1.8605e-05,-0.00382458,5.45035e-06
1.8615e-05,-0.000944372,4.25348e-06
1.8625e-05,-0.000944372,5.59116e-06
1.8635e-05,-0.00238447,5.52076e-06
1.8645e-05,-0.000944372,4.04227e-06
1.8655e-05,0.00121578,4.25348e-06
1.8665e-05,-0.00238447,4.95752e-06
1.8675e-05,-0.00166442,4.74631e-06
1.8685e-05,0.00121578,4.32388e-06
1.8695e-05,-0.00238447,5.45035e-06
1.8705e-05,-0.00166442,5.23914e-06
1.8715e-05,-0.00238447,4.81671e-06
1.8725e-05,-0.00526468,4.46469e-06
1.8735e-05,-0.00454463,5.37995e-06
1.8745e-05,0.000495731,5.66156e-06
1.8755e-05,-0.000224321,6.15439e-06
1.8765e-05,0.00193583,6.15439e-06
1.8775e-05,-0.000944372,5.30954e-06
1.8785e-05,-0.00238447,4.88712e-06
1.8795e-05,-0.00310453,4.74631e-06
1.8805e-05,-0.00454463,3.90146e-06
1.8815e-05,-0.000224321,3.97186e-06
1.8825e-05,-0.000224321,3.83105e-06
1.8835e-05,-0.000944372,3.54944e-06
1.8845e-05,0.00121578,3.40863e-06
1.8855e-05,-0.00238447,3.33823e-06
1.8865e-05,-0.00166442,2.63418e-06
1.8875e-05,0.000495731,2.9862e-06
1.8885e-05,0.00121578,2.42297e-06
1.8895e-05,-0.00238447,2.00055e-06
1.8905e-05,-0.00310453,2.42297e-06
1.8915e-05,-0.00238447,2.63418e-06
1.8925e-05,-0.000224321,3.47903e-06
1.8935e-05,-0.00238447,2.9158e-06
1.8945e-05,-0.00166442,2.70459e-06
1.8955e-05,-0.000944372,2.70459e-06
1.8965e-05,-0.00310453,3.47903e-06
1.8975e-05,-0.00454463,4.74631e-06
1.8985e-05,-0.00166442,4.18308e-06
1.8995e-05,-0.00598473,4.04227e-06
1.9005e-05,0.0242574,4.32388e-06
1.9015e-05,0.207871,3.12701e-06
1.9025e-05,0.499491,-2.51755e-05
1.9035e-05,0.794712,-0.000149087
1.9045e-05,1.07337,-0.000401064
1.9055e-05,1.36499,-0.000772798
1.9065e-05,1.67606,-0.00113116
1.9075e-05,1.9864,-0.00114348
1.9085e-05,2.28738,-0.00114348
1.9095e-05,2.58548,-0.00114348
1.9105e-05,2.85838,-0.00114348
1.9115e-05,2.97791,-0.00114348
1.9125e-05,2.99015,-0.00114348
1.9135e-05,2.99231,-0.00114348
1.9145e-05,3.02039,-0.00114348
1.9155e-05,3.03047,-0.00114348
1.9165e-05,3.02759,-0.00114348
1.9175e-05,3.01823,-0.00114348
1.9185e-05,3.01607,-0.00114348
1.9195e-05,3.01751,-0.00114348
1.9205e-05,3.02039,-0.00114348
1.9215e-05,3.02255,-0.00114348
1.9225e-05,3.02039,-0.00114348
1.9235e-05,3.01751,-0.00114348
1.9245e-05,3.01823,-0.00114348
1.9255e-05,3.01679,-0.00114348
1.9265e-05,3.01967,-0.00114348
1.9275e-05,3.01679,-0.00114348
1.9285e-05,3.01823,-0.00105167
1.9295e-05,3.02111,-0.00091086
1.9305e-05,2.99879,-0.000790681
1.9315e-05,2.84038,-0.000688454
1.9325e-05,2.59628,-0.000581017
1.9335e-05,2.35074,-0.000410498
1.9345e-05,2.12321,-0.000144511
1.9355e-05,1.87551,0.000214692
1.9365e-05,1.61917,0.000655633
1.9375e-05,1.35923,0.00108862
1.9385e-05,1.10721,0.00115339
1.9395e-05,0.857357,0.00115339
1.9405e-05,0.629101,0.00115339
1.9415e-05,0.531174,0.00115339
1.9425e-05,0.522533,0.00115339
1.9435e-05,0.518933,0.00115339
1.9445e-05,0.498771,0.00115339
1.9455e-05,0.489411,0.00115339
1.9465e-05,0.493731,0.00115339
1.9475e-05,0.505252,0.00115339
1.9485e-05,0.505252,0.00115339
1.9495e-05,0.507412,0.00115339
1.9505e-05,0.503092,0.00115339
1.9515e-05,0.501651,0.00115339
1.9525e-05,0.503812,0.00115339
1.9535e-05,0.503092,0.00115339
1.9545e-05,0.505972,0.00115339
1.9555e-05,0.503812,0.00110432
1.9565e-05,0.506692,0.000945135
1.9575e-05,0.508132,0.000811367
1.9585e-05,0.508852,0.000697735
1.9595e-05,0.504532,0.000600296
1.9605e-05,0.508132,0.000518415
1.9615e-05,0.508132,0.000449701
1.9625e-05,0.507412,0.000392533
1.9635e-05,0.505972,0.000344939
1.9645e-05,0.504532,0.000304739
1.9655e-05,0.506692,0.000270029
1.9665e-05,0.504532,0.000239122
1.9675e-05,0.505972,0.000212932
1.9685e-05,0.506692,0.000191036
1.9695e-05,0.505252,0.00017259
1.9705e-05,0.504532,0.000156327
1.9715e-05,0.506692,0.000142105
1.9725e-05,0.506692,0.000129432
1.9735e-05,0.503812,0.000117252
1.9745e-05,0.505252,0.0001081
1.9755e-05,0.506692,0.000100637
1.9765e-05,0.510292,9.33852e-05
1.9775e-05,0.504532,8.64856e-05
1.9785e-05,0.507412,7.96564e-05
1.9795e-05,0.505972,7.37424e-05
1.9805e-05,0.504532,6.9659e-05
1.9815e-05,0.506692,6.52235e-05
1.9825e-05,0.505972,6.07177e-05
1.9835e-05,0.507412,5.73383e-05
1.9845e-05,0.509572,5.43109e-05
1.9855e-05,0.504532,5.14947e-05
1.9865e-05,0.506692,4.79041e-05
1.9875e-05,0.504532,4.55808e-05
1.9885e-05,0.505252,4.31166e-05
1.9895e-05,0.507412,4.09341e-05
1.9905e-05,0.506692,3.86107e-05
1.9915e-05,0.503812,3.70618e-05
1.9925e-05,0.505252,3.55834e-05
1.9935e-05,0.504532,3.41049e-05
1.9945e-05,0.505252,3.26264e-05
1.9955e-05,0.504532,3.10775e-05
1.9965e-05,0.504532,3.05847e-05
1.9975e-05,0.505252,2.91766e-05
1.9985e-05,0.505972,2.70644e-05
1.9995e-05,0.508852,2.5586e-05
2.0005e-05,0.507412,2.43891e-05
2.0015e-05,0.503092,2.30514e-05
2.0025e-05,0.506692,2.27698e-05
2.0035e-05,0.505972,2.17841e-05
2.0045e-05,0.506692,2.20657e-05
2.0055e-05,0.505972,2.18545e-05
2.0065e-05,0.505252,2.10801e-05
2.0075e-05,0.507412,2.00944e-05
2.0085e-05,0.505252,2.01648e-05
2.0095e-05,0.504532,1.97424e-05
2.0105e-05,0.505972,1.91088e-05
2.0115e-05,0.507412,1.81231e-05
2.0125e-05,0.503812,1.75599e-05
2.0135e-05,0.504532,1.71375e-05
2.0145e-05,0.505252,1.71375e-05
2.0155e-05,0.504532,1.68558e-05
2.0165e-05,0.500211,1.57998e-05
2.0175e-05,0.504532,1.44621e-05
2.0185e-05,0.503812,1.43917e-05
2.0195e-05,0.505252,1.3758e-05
2.0205e-05,0.504532,1.41805e-05
2.0215e-05,0.500211,1.42509e-05
2.0225e-05,0.505252,1.48141e-05
2.0235e-05,0.505252,1.46733e-05
2.0245e-05,0.503812,1.36876e-05
2.0255e-05,0.504532,1.3054e-05
2.0265e-05,0.504532,1.19979e-05
2.0275e-05,0.505972,1.19275e-05
2.0285e-05,0.503812,1.13643e-05
2.0295e-05,0.502371,1.09419e-05
2.0305e-05,0.503812,1.10827e-05
2.0315e-05,0.505972,1.14347e-05
2.0325e-05,0.504532,1.12939e-05
2.0335e-05,0.503092,1.10123e-05
2.0345e-05,0.505252,9.88582e-06
2.0355e-05,0.506692,1.03082e-05
2.0365e-05,0.505252,1.05899e-05
2.0375e-05,0.506692,9.95622e-06
2.0385e-05,0.503092,9.18177e-06
2.0395e-05,0.503812,8.75935e-06
2.0405e-05,0.503092,8.33692e-06
2.0415e-05,0.503092,8.75935e-06
2.0425e-05,0.503092,8.47773e-06
2.0435e-05,0.507412,8.19612e-06
2.0445e-05,0.502371,7.77369e-06
2.0455e-05,0.503812,6.99924e-06
2.0465e-05,0.500931,6.99924e-06
2.0475e-05,0.503812,7.42167e-06
2.0485e-05,0.503812,8.40733e-06
2.0495e-05,0.503092,8.61854e-06
2.0505e-05,0.502371,8.26652e-06
2.0515e-05,0.505252,8.54814e-06
2.0525e-05,0.501651,9.04097e-06
2.0535e-05,0.504532,8.82975e-06
2.0545e-05,0.501651,8.82975e-06
2.0555e-05,0.502371,8.05531e-06
2.0565e-05,0.502371,7.63288e-06
2.0575e-05,0.505252,7.14005e-06
2.0585e-05,0.503812,7.42167e-06
2.0595e-05,0.503812,7.9145e-06
2.0605e-05,0.503812,7.63288e-06
2.0615e-05,0.500931,7.21046e-06
2.0625e-05,0.505972,7.35127e-06
2.0635e-05,0.504532,7.56248e-06
2.0645e-05,0.502371,7.14005e-06
2.0655e-05,0.505252,7.14005e-06
2.0665e-05,0.502371,6.92884e-06
2.0675e-05,0.503812,6.2248e-06
2.0685e-05,0.505252,5.73197e-06
2.0695e-05,0.503812,5.09833e-06
2.0705e-05,0.499491,4.74631e-06
2.0715e-05,0.501651,4.25348e-06
2.0725e-05,0.505252,4.46469e-06
2.0735e-05,0.502371,4.5351e-06
2.0745e-05,0.500931,4.81671e-06
2.0755e-05,0.503092,5.52076e-06
2.0765e-05,0.503092,5.80237e-06
2.0775e-05,0.498051,6.50642e-06
2.0785e-05,0.504532,6.57682e-06
2.0795e-05,0.503812,6.01359e-06
2.0805e-05,0.501651,4.88712e-06
2.0815e-05,0.502371,4.46469e-06
2.0825e-05,0.503092,4.74631e-06
2.0835e-05,0.503092,4.04227e-06
2.0845e-05,0.500931,3.47903e-06
2.0855e-05,0.503812,3.54944e-06
2.0865e-05,0.500211,4.25348e-06
2.0875e-05,0.500211,4.88712e-06
2.0885e-05,0.502371,4.88712e-06
2.0895e-05,0.504532,4.81671e-06
2.0905e-05,0.504532,4.39429e-06
2.0915e-05,0.499491,4.18308e-06
2.0925e-05,0.502371,4.95752e-06
2.0935e-05,0.501651,4.18308e-06
2.0945e-05,0.500931,4.11267e-06
2.0955e-05,0.498771,3.90146e-06
2.0965e-05,0.498771,4.88712e-06
2.0975e-05,0.504532,5.59116e-06
2.0985e-05,0.498771,5.52076e-06
2.0995e-05,0.503092,5.45035e-06
2.1005e-05,0.503092,5.52076e-06
2.1015e-05,0.499491,4.67591e-06
2.1025e-05,0.503812,2.9158e-06
2.1035e-05,0.502371,3.05661e-06
2.1045e-05,0.497331,3.19742e-06
2.1055e-05,0.503812,3.19742e-06
2.1065e-05,0.502371,3.90146e-06
2.1075e-05,0.503812,4.25348e-06
2.1085e-05,0.500931,3.61984e-06
2.1095e-05,0.504532,3.47903e-06
2.1105e-05,0.503092,3.90146e-06
2.1115e-05,0.500931,3.05661e-06
2.1125e-05,0.503812,2.49337e-06
2.1135e-05,0.505252,2.77499e-06
2.1145e-05,0.503812,2.14135e-06
2.1155e-05,0.505252,3.69025e-06
2.1165e-05,0.502371,4.04227e-06
2.1175e-05,0.500211,3.83105e-06
2.1185e-05,0.505972,2.42297e-06
2.1195e-05,0.505252,2.77499e-06
2.1205e-05,0.503092,2.56378e-06
2.1215e-05,0.503092,1.78933e-06
2.1225e-05,0.505972,2.07095e-06
2.1235e-05,0.503812,2.21176e-06
2.1245e-05,0.502371,3.40863e-06
2.1255e-05,0.503812,3.33823e-06
2.1265e-05,0.503812,3.26782e-06
2.1275e-05,0.503092,3.69025e-06
2.1285e-05,0.503092,4.11267e-06
2.1295e-05,0.505252,4.04227e-06
2.1305e-05,0.500931,3.83105e-06
2.1315e-05,0.504532,3.33823e-06
2.1325e-05,0.505972,4.18308e-06
2.1335e-05,0.500211,4.74631e-06
2.1345e-05,0.501651,5.16873e-06
2.1355e-05,0.502371,5.16873e-06
2.1365e-05,0.504532,4.18308e-06
2.1375e-05,0.504532,2.77499e-06
2.1385e-05,0.505252,1.93014e-06
2.1395e-05,0.501651,1.43731e-06
2.1405e-05,0.496611,1.57812e-06
2.1415e-05,0.468529,1.85974e-06
2.1425e-05,0.421006,7.14005e-06
2.1435e-05,0.368442,2.85429e-05
2.1445e-05,0.322359,7.14895e-05
2.1455e-05,0.275555,0.000133304
2.1465e-05,0.221551,0.000213284
2.1475e-05,0.172588,0.00030502
2.1485e-05,0.124345,0.000401967
2.1495e-05,0.0717808,0.000496661
2.1505e-05,0.0285777,0.000586356
2.1515e-05,0.00553609,0.000670207
2.1525e-05,0.00769624,0.000742935
2.1535e-05,0.00265588,0.000793274
2.1545e-05,-0.000224321,0.000815099
2.1555e-05,-0.00454463,0.000809466
2.1565e-05,-0.00166442,0.0007787
2.1575e-05,-0.00166442,0.000727516
2.1585e-05,-0.000224321,0.000665771
2.1595e-05,-0.00166442,0.000601844
2.1605e-05,-0.000224321,0.000541015
2.1615e-05,-0.000224321,0.000483706
2.1625e-05,-0.00166442,0.000430621
2.1635e-05,0.000495731,0.000379719
2.1645e-05,-0.000224321,0.000334097
2.1655e-05,0.00337594,0.000294248
2.1665e-05,0.00121578,0.000260454
2.1675e-05,-0.000224321,0.000231448
2.1685e-05,0.000495731,0.000206314
2.1695e-05,-0.000944372,0.000184066
2.1705e-05,0.00121578,0.000164916
2.1715e-05,-0.00166442,0.000148019
2.1725e-05,0.000495731,0.000132671
2.1735e-05,0.00193583,0.00012028
2.1745e-05,0.00193583,0.000109437
2.1755e-05,-0.000224321,9.99328e-05
2.1765e-05,-0.000224321,9.10619e-05
2.1775e-05,-0.00310453,8.33878e-05
2.1785e-05,-0.000224321,7.71218e-05
2.1795e-05,-0.000224321,7.28976e-05
2.1805e-05,-0.000944372,6.80397e-05
2.1815e-05,-0.00526468,6.35338e-05
2.1825e-05,-0.000944372,5.86759e-05
2.1835e-05,-0.00310453,5.50853e-05
2.1845e-05,-0.000944372,5.15651e-05
2.1855e-05,0.00265588,4.86785e-05
2.1865e-05,-0.000944372,4.57216e-05
2.1875e-05,0.00121578,4.29758e-05
2.1885e-05,-0.000224321,3.99484e-05
2.1895e-05,0.000495731,3.81179e-05
2.1905e-05,0.00121578,3.69914e-05
2.1915e-05,-0.000224321,3.45273e-05
2.1925e-05,0.00265588,3.24152e-05
2.1935e-05,0.00265588,3.07959e-05
2.1945e-05,-0.00238447,3.07255e-05
2.1955e-05,-0.00310453,2.9599e-05
2.1965e-05,-0.000944372,2.9247e-05
2.1975e-05,0.00193583,2.72757e-05
2.1985e-05,0.000495731,2.6642e-05
2.1995e-05,-0.000224321,2.54451e-05
2.2005e-05,-0.000224321,2.44595e-05
2.2015e-05,-0.00166442,2.37554e-05
2.2025e-05,0.00193583,2.36146e-05
2.2035e-05,0.00121578,2.26994e-05
2.2045e-05,-0.00166442,2.21362e-05
2.2055e-05,-0.00166442,2.18545e-05
2.2065e-05,-0.00166442,2.13617e-05
2.2075e-05,0.00121578,1.98832e-05
2.2085e-05,-0.000944372,1.84751e-05
2.2095e-05,-0.00238447,1.72079e-05
2.2105e-05,-0.00238447,1.64334e-05
2.2115e-05,0.000495731,1.55886e-05
2.2125e-05,0.00121578,1.62222e-05
2.2135e-05,0.00121578,1.7067e-05
2.2145e-05,-0.000224321,1.72079e-05
2.2155e-05,-0.00238447,1.77007e-05
2.2165e-05,-0.00238447,1.76303e-05
2.2175e-05,-0.000944372,1.64334e-05
2.2185e-05,-0.000944372,1.53069e-05
2.2195e-05,-0.00238447,1.50957e-05
2.2205e-05,0.00121578,1.50253e-05
2.2215e-05,-0.000224321,1.49549e-05
2.2225e-05,-0.000944372,1.43917e-05
2.2235e-05,-0.000944372,1.36172e-05
2.2245e-05,-0.00166442,1.43213e-05
2.2255e-05,0.000495731,1.44621e-05
2.2265e-05,0.00121578,1.40397e-05
2.2275e-05,-0.000224321,1.20683e-05
2.2285e-05,0.00121578,1.09419e-05
2.2295e-05,0.000495731,1.10123e-05
2.2305e-05,-0.00238447,1.14347e-05
2.2315e-05,0.00121578,1.22796e-05
2.2325e-05,0.00193583,1.17163e-05
2.2335e-05,-0.00166442,1.06603e-05
2.2345e-05,0.000495731,9.88582e-06
2.2355e-05,-0.000224321,1.07307e-05
2.2365e-05,-0.000944372,1.08715e-05
2.2375e-05,0.00265588,1.03082e-05
2.2385e-05,-0.00310453,1.00266e-05
2.2395e-05,-0.000944372,1.05899e-05
2.2405e-05,-0.00238447,9.46339e-06
2.2415e-05,-0.000944372,8.40733e-06
2.2425e-05,-0.00166442,8.82975e-06
2.2435e-05,0.00121578,9.46339e-06
2.2445e-05,-0.00238447,9.6042e-06
2.2455e-05,0.00193583,9.81541e-06
2.2465e-05,-0.000224321,9.81541e-06
2.2475e-05,-0.00310453,8.97056e-06
2.2485e-05,-0.000224321,8.33692e-06
2.2495e-05,-0.00166442,9.18177e-06
