
Time,Voltage,Current
5e-09,-0.000944372,-3.72801e-06
1.5e-08,0.00121578,-3.72801e-06
2.5e-08,0.00121578,2.54274e-06
3.5e-08,-0.00526468,4.52488e-07
4.5e-08,-0.00238447,-1.63776e-06
5.5e-08,0.00121578,-4.42476e-06
6.5e-08,0.00121578,-7.90851e-06
7.5e-08,-0.00238447,-2.33451e-06
8.5e-08,-0.00382458,-5.81826e-06
9.5e-08,-0.00310453,-4.42476e-06
1.05e-07,-0.00238447,3.23949e-06
1.15e-07,0.000495731,-6.51501e-06
1.25e-07,-0.00598473,-2.44262e-07
1.35e-07,-0.00310453,-7.21176e-06
1.45e-07,-0.00310453,-6.51501e-06
1.55e-07,-0.000224321,-5.12151e-06
1.65e-07,-0.00238447,-9.41012e-07
1.75e-07,-0.000944372,-7.21176e-06
1.85e-07,-0.000224321,-2.33451e-06
1.95e-07,0.000495731,-4.42476e-06
2.05e-07,-0.00166442,-8.60526e-06
2.15e-07,-0.000944372,-3.72801e-06
2.25e-07,-0.00238447,-2.44262e-07
2.35e-07,-0.00166442,-3.03126e-06
2.45e-07,-0.00454463,-7.21176e-06
2.55e-07,0.00121578,-4.42476e-06
2.65e-07,-0.00238447,-5.81826e-06
2.75e-07,-0.00310453,-3.03126e-06
2.85e-07,-0.00310453,-8.60526e-06
2.95e-07,-0.00310453,-9.41012e-07
3.05e-07,-0.000224321,-1.63776e-06
3.15e-07,-0.00166442,-9.41012e-07
3.25e-07,-0.000224321,-9.41012e-07
3.35e-07,-0.00238447,1.84599e-06
3.45e-07,-0.00238447,-9.41012e-07
3.55e-07,-0.000944372,-1.63776e-06
3.65e-07,-0.000224321,1.14924e-06
3.75e-07,0.000495731,-5.12151e-06
3.85e-07,0.000495731,-3.03126e-06
3.95e-07,-0.000944372,-7.90851e-06
4.05e-07,-0.00238447,-7.90851e-06
4.15e-07,-0.000944372,-5.12151e-06
4.25e-07,-0.000944372,-3.72801e-06
4.35e-07,-0.000224321,-3.03126e-06
4.45e-07,-0.000224321,-4.42476e-06
4.55e-07,-0.00166442,-3.03126e-06
4.65e-07,-0.00166442,-2.44262e-07
4.75e-07,-0.000224321,-2.44262e-07
4.85e-07,0.00121578,-3.03126e-06
4.95e-07,-0.00310453,-9.41012e-07
5.05e-07,-0.00166442,-3.72801e-06
5.15e-07,-0.00598473,1.14924e-06
5.25e-07,-0.00526468,6.02649e-06
5.35e-07,-0.00238447,3.93624e-06
5.45e-07,-0.000944372,-9.41012e-07
5.55e-07,0.00481604,-3.72801e-06
5.65e-07,-0.00166442,-9.41012e-07
5.75e-07,-0.00310453,3.23949e-06
5.85e-07,-0.00526468,-4.42476e-06
5.95e-07,-0.00238447,-4.42476e-06
6.05e-07,0.000495731,-6.51501e-06
6.15e-07,-0.000224321,-1.63776e-06
6.25e-07,-0.000224321,2.54274e-06
6.35e-07,-0.00310453,4.63299e-06
6.45e-07,-0.00310453,-5.12151e-06
6.55e-07,0.000495731,-9.99876e-06
6.65e-07,-0.000944372,-9.99876e-06
6.75e-07,0.00265588,-6.51501e-06
6.85e-07,-0.00238447,-2.44262e-07
6.95e-07,0.000495731,-5.12151e-06
7.05e-07,0.000495731,-7.21176e-06
7.15e-07,-0.000224321,-3.03126e-06
7.25e-07,-0.00166442,-1.13923e-05
7.35e-07,-0.00310453,-1.06955e-05
7.45e-07,0.00121578,-1.63776e-06
7.55e-07,0.00265588,4.63299e-06
7.65e-07,-0.00454463,4.52488e-07
7.75e-07,-0.00238447,-2.33451e-06
7.85e-07,0.00193583,-6.51501e-06
7.95e-07,0.00265588,-3.72801e-06
8.05e-07,-0.00238447,-5.12151e-06
8.15e-07,-0.00238447,-9.41012e-07
8.25e-07,-0.00238447,1.84599e-06
8.35e-07,-0.000224321,1.84599e-06
8.45e-07,-0.000944372,-2.33451e-06
8.55e-07,-0.00382458,-3.72801e-06
8.65e-07,0.00121578,-5.12151e-06
8.75e-07,-0.00310453,4.52488e-07
8.85e-07,0.000495731,-2.33451e-06
8.95e-07,-0.000944372,-2.33451e-06
9.05e-07,-0.00166442,-3.72801e-06
9.15e-07,-0.000944372,-4.42476e-06
9.25e-07,-0.00166442,-2.33451e-06
9.35e-07,0.000495731,-3.72801e-06
9.45e-07,-0.000944372,-8.60526e-06
9.55e-07,0.00121578,-7.90851e-06
9.65e-07,-0.00238447,-1.63776e-06
9.75e-07,-0.00310453,-9.41012e-07
9.85e-07,-0.000944372,-6.51501e-06
9.95e-07,-0.00598473,-2.44262e-07
1.005e-06,0.0249775,-3.03126e-06
1.015e-06,0.242433,-1.27858e-05
1.025e-06,0.581577,-0.000154226
1.035e-06,0.922881,-0.000644738
1.045e-06,1.24834,-0.0013171
1.055e-06,1.58893,-0.00201106
1.065e-06,1.94679,-0.00274474
1.075e-06,2.30322,-0.00345961
1.085e-06,2.65893,-0.00409713
1.095e-06,3.00599,-0.00466847
1.105e-06,3.32857,-0.00524886
1.115e-06,3.46466,-0.00586479
1.125e-06,3.46538,-0.00640338
1.135e-06,3.48122,-0.00662634
1.145e-06,3.51795,-0.00662355
1.155e-06,3.53163,-0.00653228
1.165e-06,3.52515,-0.006356
1.175e-06,3.52299,-0.00612537
1.185e-06,3.51939,-0.00592123
1.195e-06,3.52011,-0.00576933
1.205e-06,3.50283,-0.00562789
1.215e-06,3.34657,-0.00545998
1.225e-06,3.10176,-0.00517013
1.235e-06,2.85838,-0.00461134
1.245e-06,2.62868,-0.00389159
1.255e-06,2.38243,-0.00313492
1.265e-06,2.13041,-0.00231694
1.275e-06,1.87551,-0.00148014
1.285e-06,1.62853,-0.00071302
1.295e-06,1.37003,-2.53273e-05
1.305e-06,1.13962,0.00062056
1.315e-06,1.04025,0.00121698
1.325e-06,1.02873,0.00165663
1.335e-06,1.02513,0.00178901
1.345e-06,1.00137,0.00173606
1.355e-06,0.992006,0.00160646
1.365e-06,0.995607,0.00139674
1.375e-06,1.00281,0.00117169
1.385e-06,1.00929,0.00100099
1.395e-06,1.00713,0.000893686
1.405e-06,1.00713,0.000814953
1.415e-06,1.00569,0.00073204
1.425e-06,1.00497,0.000635192
1.435e-06,1.00785,0.000544614
1.445e-06,1.01001,0.000469365
1.455e-06,1.01073,0.000421986
1.465e-06,1.01073,0.000379484
1.475e-06,1.00713,0.000335589
1.485e-06,1.00713,0.000293784
1.495e-06,1.00569,0.000265914
1.505e-06,1.00713,0.000224806
1.515e-06,1.00929,0.000195542
1.525e-06,1.00857,0.000175337
1.535e-06,1.01001,0.000161402
1.545e-06,1.01001,0.00014468
1.555e-06,1.01145,0.000123777
1.565e-06,1.00857,0.000106358
1.575e-06,1.00785,9.73007e-05
1.585e-06,1.01217,8.5456e-05
1.595e-06,1.00929,7.7095e-05
1.605e-06,1.01001,6.8734e-05
1.615e-06,1.01073,6.52502e-05
1.625e-06,1.01217,5.06185e-05
1.635e-06,1.01145,4.3651e-05
1.645e-06,1.00857,3.59867e-05
1.655e-06,1.00929,3.529e-05
1.665e-06,1.01001,2.83225e-05
1.675e-06,1.00857,2.48387e-05
1.685e-06,1.00857,2.4142e-05
1.695e-06,1.00929,2.20517e-05
1.705e-06,1.00929,2.34452e-05
1.715e-06,1.01001,2.4142e-05
1.725e-06,1.00857,2.06582e-05
1.735e-06,1.01001,1.36907e-05
1.745e-06,1.00857,1.09037e-05
1.755e-06,1.00929,1.36907e-05
1.765e-06,1.00785,6.02649e-06
1.775e-06,1.00785,6.02649e-06
1.785e-06,1.00929,7.41999e-06
1.795e-06,1.00929,8.81349e-06
1.805e-06,1.00209,5.32974e-06
1.815e-06,0.939443,8.81349e-06
1.825e-06,0.842236,4.71347e-05
1.835e-06,0.742149,0.000187878
1.845e-06,0.650702,0.000389936
1.855e-06,0.554935,0.000589206
1.865e-06,0.450528,0.000803108
1.875e-06,0.34396,0.00101283
1.885e-06,0.246753,0.00118632
1.895e-06,0.145226,0.00132776
1.905e-06,0.0559397,0.00145457
1.915e-06,0.0148968,0.00157162
1.925e-06,0.0120166,0.00164269
1.935e-06,0.0084163,0.00160646
1.945e-06,0.00121578,0.00149707
1.955e-06,-0.00310453,0.00135981
1.965e-06,-0.000944372,0.0012114
1.975e-06,0.00193583,0.00106021
1.985e-06,0.00265588,0.000943155
1.995e-06,0.00337594,0.000851184
2.005e-06,0.00409599,0.000774542
2.015e-06,0.00265588,0.000699989
2.025e-06,0.00265588,0.000625437
2.035e-06,0.00337594,0.000557853
2.045e-06,0.00121578,0.000502112
2.055e-06,0.000495731,0.000450553
2.065e-06,0.00121578,0.000409445
2.075e-06,0.00553609,0.000373214
2.085e-06,0.00121578,0.00034186
2.095e-06,0.00193583,0.000309113
2.105e-06,0.00193583,0.000277759
2.115e-06,0.00265588,0.000247799
2.125e-06,0.000495731,0.000227593
2.135e-06,0.00121578,0.000214355
2.145e-06,-0.000224321,0.000193452
2.155e-06,0.00337594,0.000175337
2.165e-06,0.00625614,0.000158615
2.175e-06,0.00481604,0.00014677
2.185e-06,0.00121578,0.000136319
2.195e-06,0.00337594,0.000128654
2.205e-06,-0.000944372,0.000117506
2.215e-06,0.000495731,0.000104965
2.225e-06,0.00265588,9.79975e-05
2.235e-06,0.00337594,8.96365e-05
2.245e-06,0.00265588,8.19722e-05
2.255e-06,0.00337594,7.7095e-05
2.265e-06,0.00193583,7.36112e-05
2.275e-06,0.00121578,6.80372e-05
2.285e-06,0.00121578,6.17665e-05
2.295e-06,0.000495731,6.17665e-05
2.305e-06,0.000495731,5.54957e-05
2.315e-06,0.00121578,4.99217e-05
2.325e-06,0.000495731,4.43477e-05
2.335e-06,-0.000224321,4.22575e-05
2.345e-06,0.000495731,4.29542e-05
2.355e-06,0.00265588,4.01672e-05
2.365e-06,-0.000224321,3.94705e-05
2.375e-06,0.000495731,3.66835e-05
2.385e-06,-0.000944372,3.45932e-05
2.395e-06,0.000495731,3.31997e-05
2.405e-06,0.00265588,3.18062e-05
2.415e-06,0.000495731,2.90192e-05
2.425e-06,0.000495731,2.27485e-05
2.435e-06,0.000495731,2.55355e-05
2.445e-06,-0.000224321,2.9716e-05
2.455e-06,0.000495731,2.48387e-05
2.465e-06,-0.00166442,2.1355e-05
2.475e-06,-0.00238447,2.1355e-05
2.485e-06,0.00193583,1.99615e-05
2.495e-06,0.000495731,1.99615e-05
2.505e-06,0.00337594,1.71745e-05
2.515e-06,0.00193583,1.92647e-05
2.525e-06,-0.000224321,1.64777e-05
2.535e-06,0.000495731,1.64777e-05
2.545e-06,0.00193583,2.4142e-05
2.555e-06,-0.00166442,1.22972e-05
2.565e-06,-0.000224321,1.16005e-05
2.575e-06,0.00121578,1.43875e-05
2.585e-06,-0.00310453,1.16005e-05
2.595e-06,0.000495731,1.5781e-05
2.605e-06,0.000495731,1.78712e-05
2.615e-06,0.000495731,1.0207e-05
2.625e-06,-0.000224321,6.72324e-06
2.635e-06,-0.00238447,1.2994e-05
2.645e-06,-0.000224321,1.5781e-05
2.655e-06,0.000495731,1.0207e-05
2.665e-06,0.00265588,9.51024e-06
2.675e-06,-0.00166442,8.11674e-06
2.685e-06,-0.00310453,1.09037e-05
2.695e-06,-0.000224321,7.41999e-06
2.705e-06,0.00193583,8.81349e-06
2.715e-06,-0.00382458,4.63299e-06
2.725e-06,0.000495731,1.0207e-05
2.735e-06,0.000495731,7.41999e-06
2.745e-06,-0.00238447,5.32974e-06
2.755e-06,-0.000944372,8.11674e-06
2.765e-06,0.000495731,6.72324e-06
2.775e-06,-0.000224321,6.72324e-06
2.785e-06,0.00193583,9.51024e-06
2.795e-06,-0.00238447,8.81349e-06
2.805e-06,-0.000224321,1.0207e-05
2.815e-06,-0.000944372,6.02649e-06
2.825e-06,-0.00166442,8.11674e-06
2.835e-06,-0.00166442,5.32974e-06
2.845e-06,-0.000224321,2.54274e-06
2.855e-06,-0.000224321,8.11674e-06
2.865e-06,-0.00238447,6.02649e-06
2.875e-06,-0.00310453,5.32974e-06
2.885e-06,-0.00310453,1.14924e-06
2.905e-06,-0.000224321,6.72324e-06
2.915e-06,0.000495731,5.32974e-06
2.925e-06,0.00337594,3.93624e-06
2.935e-06,-0.000224321,2.54274e-06
2.945e-06,0.00337594,6.02649e-06
2.955e-06,-0.00238447,3.23949e-06
2.965e-06,0.00121578,3.23949e-06
2.975e-06,0.00193583,6.02649e-06
2.985e-06,0.00121578,1.14924e-06
2.995e-06,-0.000224321,3.23949e-06
3.005e-06,0.00121578,4.63299e-06
3.015e-06,-0.00238447,-2.44262e-07
3.025e-06,0.00193583,2.54274e-06
3.035e-06,-0.00166442,3.93624e-06
3.045e-06,0.000495731,-2.33451e-06
3.055e-06,-0.000944372,3.93624e-06
3.065e-06,-0.00238447,7.41999e-06
3.075e-06,-0.00166442,6.02649e-06
3.085e-06,-0.00238447,1.14924e-06
3.095e-06,-0.00238447,6.72324e-06
3.105e-06,-0.000944372,4.52488e-07
3.115e-06,-0.000224321,3.93624e-06
3.125e-06,-0.000944372,-9.41012e-07
3.135e-06,-0.000224321,1.14924e-06
3.145e-06,-0.000944372,1.84599e-06
3.155e-06,-0.00166442,5.32974e-06
3.165e-06,-0.000944372,2.54274e-06
3.175e-06,-0.000224321,-2.33451e-06
3.185e-06,-0.00166442,3.23949e-06
3.195e-06,-0.00310453,4.52488e-07
3.205e-06,-0.00238447,3.93624e-06
3.215e-06,-0.000944372,4.52488e-07
3.225e-06,-0.000944372,2.54274e-06
3.235e-06,-0.000224321,-2.44262e-07
3.245e-06,-0.00238447,2.54274e-06
3.255e-06,0.00193583,1.14924e-06
3.265e-06,-0.00166442,1.84599e-06
3.275e-06,-0.00166442,1.14924e-06
3.285e-06,-0.00238447,3.23949e-06
3.295e-06,-0.00238447,1.14924e-06
3.305e-06,0.00265588,3.93624e-06
3.315e-06,-0.00310453,3.23949e-06
3.325e-06,-0.00238447,3.93624e-06
3.335e-06,-0.000944372,-3.72801e-06
3.345e-06,-0.00310453,1.14924e-06
3.355e-06,-0.000944372,6.02649e-06
3.365e-06,-0.00166442,5.32974e-06
3.375e-06,-0.00382458,-2.33451e-06
3.385e-06,-0.00310453,-1.63776e-06
3.395e-06,-0.00238447,-3.03126e-06
3.405e-06,-0.00310453,1.84599e-06
3.415e-06,-0.00454463,1.84599e-06
3.425e-06,-0.00166442,-1.63776e-06
3.435e-06,0.00193583,-2.44262e-07
3.445e-06,0.00193583,2.54274e-06
3.455e-06,-0.000224321,2.54274e-06
3.465e-06,-0.00310453,2.54274e-06
3.475e-06,0.000495731,3.23949e-06
3.485e-06,0.00193583,-2.44262e-07
3.495e-06,-0.000224321,1.84599e-06
3.505e-06,-0.00238447,-7.21176e-06
3.515e-06,-0.00382458,-5.81826e-06
3.525e-06,0.000495731,4.52488e-07
3.535e-06,0.000495731,-2.33451e-06
3.545e-06,-0.000944372,-9.41012e-07
3.555e-06,0.00121578,-9.41012e-07
3.565e-06,-0.00382458,4.52488e-07
3.575e-06,-0.00166442,-3.72801e-06
3.585e-06,-0.00382458,-4.42476e-06
3.595e-06,-0.00454463,-1.63776e-06
3.605e-06,-0.000944372,-9.41012e-07
3.615e-06,-0.00238447,1.84599e-06
3.625e-06,-0.000944372,-1.63776e-06
3.635e-06,-0.00382458,4.52488e-07
3.645e-06,0.00121578,4.52488e-07
3.655e-06,-0.00238447,-1.63776e-06
3.665e-06,-0.00382458,-1.63776e-06
3.675e-06,-0.00238447,4.52488e-07
3.685e-06,-0.00166442,1.84599e-06
3.695e-06,0.000495731,-1.63776e-06
3.705e-06,0.00193583,-5.81826e-06
3.715e-06,-0.00238447,-5.12151e-06
3.725e-06,-0.00166442,-5.81826e-06
3.735e-06,-0.000944372,-9.41012e-07
3.745e-06,0.000495731,-9.41012e-07
3.755e-06,-0.00382458,-2.44262e-07
3.765e-06,-0.00454463,-1.63776e-06
3.775e-06,-0.00454463,-2.44262e-07
3.785e-06,-0.00238447,-2.33451e-06
3.795e-06,-0.00238447,-5.81826e-06
3.805e-06,-0.00310453,-3.72801e-06
3.815e-06,-0.00166442,1.14924e-06
3.825e-06,-0.00166442,3.23949e-06
3.835e-06,-0.00454463,-1.63776e-06
3.845e-06,-0.00166442,-3.03126e-06
3.855e-06,-0.00310453,-2.33451e-06
3.865e-06,-0.00310453,-1.63776e-06
3.875e-06,-0.00310453,-2.33451e-06
3.885e-06,-0.00166442,-4.42476e-06
3.895e-06,-0.00238447,-3.72801e-06
3.905e-06,0.0285777,4.63299e-06
3.915e-06,0.242433,-4.42476e-06
3.925e-06,0.580137,-0.000152136
3.935e-06,0.922881,-0.000648919
3.945e-06,1.24978,-0.00132477
3.955e-06,1.59109,-0.00203545
3.965e-06,1.94967,-0.00277122
3.975e-06,2.31186,-0.00347285
3.985e-06,2.66397,-0.00405394
3.995e-06,3.01535,-0.00453887
4.005e-06,3.33793,-0.0049841
4.015e-06,3.47546,-0.0054126
4.025e-06,3.4841,-0.00569757
4.035e-06,3.48986,-0.00563556
4.045e-06,3.51867,-0.00536731
4.055e-06,3.53379,-0.00506562
4.065e-06,3.52875,-0.00474651
4.075e-06,3.51867,-0.00443506
4.085e-06,3.51795,-0.00420583
4.095e-06,3.52083,-0.00405324
4.105e-06,3.50211,-0.00392155
4.115e-06,3.34657,-0.00375573
4.125e-06,3.10176,-0.00345543
4.135e-06,2.8591,-0.00289315
4.145e-06,2.62796,-0.0021957
4.155e-06,2.38459,-0.00146969
4.165e-06,2.12609,-0.000716503
4.175e-06,1.86831,2.9716e-05
4.185e-06,1.61629,0.000701383
4.195e-06,1.36355,0.00127202
4.205e-06,1.13098,0.0017911
4.215e-06,1.03305,0.00226489
4.225e-06,1.02585,0.00258261
4.235e-06,1.02081,0.00259445
4.245e-06,0.997767,0.00243002
4.255e-06,0.992726,0.00220567
4.265e-06,0.993447,0.00192836
4.275e-06,1.00353,0.00163015
4.285e-06,1.00713,0.00139953
4.295e-06,1.00857,0.00124276
4.305e-06,1.00425,0.00112152
4.315e-06,1.00641,0.00100238
4.325e-06,1.00713,0.00087557
4.335e-06,1.00569,0.000763394
4.345e-06,1.00713,0.000664455
4.355e-06,1.01073,0.000587813
4.365e-06,1.00785,0.000532073
4.375e-06,1.00929,0.000471455
4.385e-06,1.00857,0.000421986
4.395e-06,1.01145,0.00037182
4.405e-06,1.00857,0.000325138
4.415e-06,1.00929,0.000283333
4.425e-06,1.01073,0.000261037
4.435e-06,1.01145,0.000238741
4.445e-06,1.00785,0.000210871
4.455e-06,1.00785,0.000180214
4.465e-06,1.01001,0.000162795
4.475e-06,1.01001,0.000146073
4.485e-06,1.00857,0.000134925
4.495e-06,1.01001,0.000117506
4.505e-06,1.01001,0.000111236
4.515e-06,1.01073,9.59072e-05
4.525e-06,1.00857,8.61527e-05
4.535e-06,1.01001,7.91852e-05
4.545e-06,1.00641,6.8734e-05
4.555e-06,1.01073,5.96762e-05
4.565e-06,1.00857,6.0373e-05
4.575e-06,1.01145,5.06185e-05
4.585e-06,1.00857,5.13152e-05
4.595e-06,1.00929,4.0864e-05
4.605e-06,1.00857,3.73802e-05
4.615e-06,1.01145,3.59867e-05
4.625e-06,1.00929,3.11095e-05
4.635e-06,1.01145,3.2503e-05
4.645e-06,1.01073,2.6929e-05
4.655e-06,1.01073,2.76257e-05
4.665e-06,1.00857,2.06582e-05
4.675e-06,1.00785,2.27485e-05
4.685e-06,1.01145,2.1355e-05
4.695e-06,1.00929,1.8568e-05
4.705e-06,0.999927,2.20517e-05
4.715e-06,0.940883,1.8568e-05
4.725e-06,0.840796,5.89795e-05
4.735e-06,0.742869,0.000201813
4.745e-06,0.648542,0.000396903
4.755e-06,0.551335,0.000594083
4.765e-06,0.449088,0.000807289
4.775e-06,0.348281,0.00101422
4.785e-06,0.246753,0.00119538
4.795e-06,0.145946,0.00133334
4.805e-06,0.0530595,0.00146223
4.815e-06,0.0134567,0.00158417
4.825e-06,0.0098564,0.00166011
4.835e-06,0.0105764,0.00162109
4.845e-06,-0.000944372,0.00151658
4.855e-06,-0.000944372,0.00138489
4.865e-06,-0.000224321,0.00123231
4.875e-06,-0.000944372,0.00108738
4.885e-06,0.00265588,0.000971025
4.895e-06,-0.000224321,0.000879751
4.905e-06,0.00265588,0.000801018
4.915e-06,-0.000224321,0.000726466
4.925e-06,-0.000224321,0.000657488
4.935e-06,-0.000944372,0.000589903
4.945e-06,0.00337594,0.000529286
4.955e-06,0.00265588,0.000483997
4.965e-06,0.000495731,0.000440102
4.975e-06,0.000495731,0.000401084
4.985e-06,0.00193583,0.000366943
4.995e-06,-0.000944372,0.000328622
5.005e-06,0.00193583,0.000299358
5.015e-06,0.00481604,0.000277062
5.025e-06,0.00121578,0.000252676
5.035e-06,0.00265588,0.000235257
5.045e-06,0.00265588,0.000220625
5.055e-06,0.00193583,0.000196239
5.065e-06,0.000495731,0.00017464
5.075e-06,0.000495731,0.000163492
5.085e-06,0.00121578,0.000155131
5.095e-06,0.00121578,0.000139802
5.105e-06,0.00337594,0.000128654
5.115e-06,0.00121578,0.000115416
5.125e-06,0.00193583,0.000114023
5.135e-06,0.00265588,0.000110539
5.145e-06,-0.000224321,0.000102875
5.155e-06,-0.000944372,9.3817e-05
5.165e-06,0.00193583,8.68495e-05
5.175e-06,0.00481604,8.33657e-05
5.185e-06,0.00121578,7.50047e-05
5.195e-06,-0.000224321,6.94307e-05
5.205e-06,0.00121578,6.5947e-05
5.215e-06,-0.000944372,6.73405e-05
5.225e-06,0.000495731,6.38567e-05
5.235e-06,-0.00238447,5.4799e-05
5.245e-06,-0.000224321,5.34055e-05
5.255e-06,0.00121578,5.13152e-05
5.265e-06,-0.00166442,4.85282e-05
5.275e-06,-0.000944372,4.29542e-05
5.285e-06,0.00121578,4.15607e-05
5.295e-06,-0.000224321,4.3651e-05
5.305e-06,0.000495731,4.15607e-05
5.315e-06,0.000495731,3.59867e-05
5.325e-06,-0.00166442,2.76257e-05
5.335e-06,0.00121578,3.45932e-05
5.345e-06,-0.000224321,3.31997e-05
5.355e-06,-0.000224321,3.04127e-05
5.365e-06,-0.000944372,2.55355e-05
5.375e-06,0.00121578,2.48387e-05
5.385e-06,-0.00238447,2.55355e-05
5.395e-06,0.000495731,2.34452e-05
5.405e-06,-0.000224321,2.34452e-05
5.415e-06,0.00121578,2.55355e-05
5.425e-06,-0.000944372,2.4142e-05
5.435e-06,-0.00382458,2.27485e-05
5.445e-06,-0.00166442,2.06582e-05
5.455e-06,0.000495731,2.20517e-05
5.465e-06,0.000495731,2.06582e-05
5.475e-06,-0.00166442,2.1355e-05
5.485e-06,-0.00310453,1.78712e-05
5.495e-06,0.00265588,1.71745e-05
5.505e-06,-0.000224321,1.78712e-05
5.515e-06,-0.00382458,1.71745e-05
5.525e-06,-0.00166442,1.78712e-05
5.535e-06,-0.00166442,1.36907e-05
5.545e-06,0.000495731,1.71745e-05
5.555e-06,-0.00166442,1.2994e-05
5.565e-06,0.00265588,1.64777e-05
5.575e-06,-0.000944372,1.2994e-05
5.585e-06,-0.000944372,1.5781e-05
5.595e-06,-0.00166442,1.43875e-05
5.605e-06,0.000495731,8.81349e-06
5.615e-06,-0.00166442,1.09037e-05
5.625e-06,0.00121578,1.2994e-05
5.635e-06,-0.00166442,1.0207e-05
5.645e-06,-0.00238447,1.09037e-05
5.655e-06,-0.00166442,9.51024e-06
5.665e-06,0.000495731,9.51024e-06
5.675e-06,-0.000224321,8.81349e-06
5.685e-06,-0.000944372,8.81349e-06
5.695e-06,-0.000944372,1.22972e-05
5.705e-06,-0.00238447,8.11674e-06
5.715e-06,-0.000224321,1.16005e-05
5.725e-06,-0.00310453,1.0207e-05
5.735e-06,-0.00166442,3.23949e-06
5.745e-06,-0.00166442,7.41999e-06
5.755e-06,-0.00238447,6.72324e-06
5.765e-06,-0.000224321,6.02649e-06
5.775e-06,-0.00166442,9.51024e-06
5.785e-06,-0.00238447,1.09037e-05
5.805e-06,-0.000224321,5.32974e-06
5.815e-06,-0.00382458,3.93624e-06
5.825e-06,-0.00310453,8.11674e-06
5.835e-06,-0.00238447,3.23949e-06
5.845e-06,-0.000944372,6.02649e-06
5.855e-06,-0.00382458,6.02649e-06
5.865e-06,-0.00238447,6.72324e-06
5.875e-06,-0.00166442,6.72324e-06
5.885e-06,-0.00238447,6.02649e-06
5.895e-06,-0.00238447,7.41999e-06
5.905e-06,-0.00166442,6.72324e-06
5.915e-06,-0.00382458,8.11674e-06
5.925e-06,0.000495731,3.93624e-06
5.935e-06,-0.000944372,3.23949e-06
5.945e-06,-0.000944372,3.93624e-06
5.955e-06,-0.00166442,-3.72801e-06
5.965e-06,-0.00166442,5.32974e-06
5.975e-06,0.00121578,5.32974e-06
5.985e-06,-0.00310453,3.23949e-06
5.995e-06,-0.00310453,1.84599e-06
6.005e-06,-0.000224321,2.54274e-06
6.015e-06,-0.00382458,1.14924e-06
6.025e-06,-0.000944372,3.93624e-06
6.035e-06,-0.000224321,3.93624e-06
6.045e-06,-0.000944372,6.72324e-06
6.055e-06,-0.00166442,4.52488e-07
6.065e-06,-0.000224321,4.52488e-07
6.075e-06,-0.00166442,-9.41012e-07
6.085e-06,-0.00166442,4.63299e-06
6.095e-06,-0.000944372,3.93624e-06
6.105e-06,-0.000944372,3.93624e-06
6.115e-06,-0.00454463,1.84599e-06
6.125e-06,-0.000224321,3.93624e-06
6.135e-06,-0.00238447,4.63299e-06
6.145e-06,-0.00310453,3.23949e-06
6.155e-06,-0.000224321,1.84599e-06
6.165e-06,-0.000224321,4.52488e-07
6.175e-06,-0.000224321,-1.63776e-06
6.185e-06,-0.000224321,4.52488e-07
6.195e-06,-0.00310453,2.54274e-06
6.205e-06,-0.00382458,3.93624e-06
6.215e-06,-0.000944372,2.54274e-06
6.225e-06,0.000495731,2.54274e-06
6.235e-06,-0.000224321,2.54274e-06
6.245e-06,-0.00238447,4.52488e-07
6.255e-06,-0.000944372,4.63299e-06
6.265e-06,0.00121578,6.02649e-06
6.275e-06,-0.000944372,6.02649e-06
6.285e-06,0.000495731,-2.33451e-06
6.295e-06,0.000495731,-3.03126e-06
6.305e-06,-0.00454463,-2.44262e-07
6.315e-06,-0.00310453,7.41999e-06
6.325e-06,-0.000944372,2.54274e-06
6.335e-06,0.00121578,-3.03126e-06
6.345e-06,0.00193583,-3.72801e-06
6.355e-06,0.00193583,4.52488e-07
6.365e-06,0.00265588,4.52488e-07
6.375e-06,0.00337594,-2.33451e-06
6.385e-06,-0.00166442,-6.51501e-06
6.395e-06,-0.00238447,-3.03126e-06
6.405e-06,-0.00238447,-9.41012e-07
6.415e-06,-0.00166442,1.14924e-06
6.425e-06,0.00193583,4.52488e-07
6.435e-06,-0.00238447,4.52488e-07
6.445e-06,-0.000944372,-2.44262e-07
6.455e-06,-0.00166442,-9.41012e-07
6.465e-06,-0.00238447,-3.03126e-06
6.475e-06,-0.000224321,2.54274e-06
6.485e-06,0.000495731,5.32974e-06
6.495e-06,-0.00238447,-3.03126e-06
6.505e-06,-0.00166442,2.54274e-06
6.515e-06,-0.00238447,3.93624e-06
6.525e-06,-0.000944372,4.52488e-07
6.535e-06,-0.00238447,4.52488e-07
6.545e-06,-0.00166442,4.52488e-07
6.555e-06,0.00121578,-2.44262e-07
6.565e-06,0.00193583,4.52488e-07
6.575e-06,-0.00526468,3.23949e-06
6.585e-06,-0.00166442,-9.41012e-07
6.595e-06,-0.00166442,1.14924e-06
6.605e-06,-0.000944372,6.02649e-06
6.615e-06,-0.00238447,4.52488e-07
6.625e-06,-0.00310453,-2.44262e-07
6.635e-06,-0.00238447,1.14924e-06
6.645e-06,-0.00310453,-1.63776e-06
6.655e-06,-0.00238447,-2.44262e-07
6.665e-06,-0.00310453,-2.44262e-07
6.675e-06,-0.000224321,3.23949e-06
6.685e-06,-0.00382458,4.52488e-07
6.695e-06,-0.000224321,2.54274e-06
6.705e-06,-0.00310453,1.84599e-06
6.715e-06,-0.00166442,-2.33451e-06
6.725e-06,0.000495731,-5.12151e-06
6.735e-06,0.00121578,-9.41012e-07
6.745e-06,0.00121578,3.23949e-06
6.755e-06,-0.000224321,1.14924e-06
6.765e-06,0.000495731,-7.21176e-06
6.775e-06,-0.00238447,-3.03126e-06
6.785e-06,-0.00310453,5.32974e-06
6.795e-06,-0.00310453,8.11674e-06
6.805e-06,0.0264176,-1.63776e-06
6.815e-06,0.244593,-1.06955e-05
6.825e-06,0.580137,-0.000152136
6.835e-06,0.924322,-0.000644041
6.845e-06,1.2505,-0.00133104
6.855e-06,1.59469,-0.0020466
6.865e-06,1.95327,-0.00277749
6.875e-06,2.31114,-0.00347703
6.885e-06,2.66181,-0.00405533
6.895e-06,3.01607,-0.00453609
6.905e-06,3.33649,-0.00498061
6.915e-06,3.4769,-0.00540424
6.925e-06,3.48194,-0.00566621
6.935e-06,3.49346,-0.00556449
6.945e-06,3.52803,-0.0052405
6.955e-06,3.53883,-0.00483708
6.965e-06,3.53307,-0.0043626
6.975e-06,3.52443,-0.00387696
6.985e-06,3.52011,-0.00348051
6.995e-06,3.52155,-0.0032046
7.005e-06,3.50283,-0.00297397
7.015e-06,3.34297,-0.00275101
7.025e-06,3.10104,-0.00244793
7.035e-06,2.85334,-0.00190098
7.045e-06,2.62364,-0.00121886
7.055e-06,2.38027,-0.000527684
7.065e-06,2.12033,0.00017464
7.075e-06,1.86831,0.000850487
7.085e-06,1.61269,0.00144133
7.095e-06,1.35995,0.0019402
7.105e-06,1.1317,0.00237567
7.115e-06,1.03233,0.00277073
7.125e-06,1.02441,0.00302156
7.135e-06,1.02297,0.00297906
7.145e-06,0.997047,0.00276376
7.155e-06,0.988406,0.0024983
7.165e-06,0.994167,0.00218337
7.175e-06,1.00281,0.00185729
7.185e-06,1.00713,0.00160437
7.195e-06,1.00857,0.0014267
7.205e-06,1.00713,0.00127481
7.215e-06,1.00785,0.00113337
7.225e-06,1.00569,0.000999592
7.235e-06,1.00569,0.00087139
7.245e-06,1.00713,0.000760607
7.255e-06,1.00785,0.000679784
7.265e-06,1.01073,0.000617773
7.275e-06,1.00857,0.000546704
7.285e-06,1.01001,0.00048539
7.295e-06,1.00857,0.000428257
7.305e-06,1.01001,0.000374607
7.315e-06,1.01145,0.000330015
7.325e-06,1.01145,0.000297268
7.335e-06,1.00785,0.000277062
7.345e-06,1.00713,0.000246405
7.355e-06,1.00857,0.000210871
7.365e-06,1.01145,0.000194846
7.375e-06,1.00713,0.000176033
7.385e-06,1.01001,0.000158615
7.395e-06,1.00929,0.000148163
7.405e-06,1.00785,0.000134925
7.415e-06,1.01001,0.000114023
7.425e-06,1.01001,0.000106358
7.435e-06,1.00929,9.59072e-05
7.445e-06,1.00785,9.103e-05
7.455e-06,1.01145,8.40625e-05
7.465e-06,1.00497,7.1521e-05
7.475e-06,1.00713,5.96762e-05
7.485e-06,1.00641,5.7586e-05
7.495e-06,1.01001,5.54957e-05
7.505e-06,1.00857,4.99217e-05
7.515e-06,1.00929,4.3651e-05
7.525e-06,1.01433,4.50445e-05
7.535e-06,1.00785,3.94705e-05
7.545e-06,1.00641,4.15607e-05
7.555e-06,1.01145,3.73802e-05
7.565e-06,1.01001,3.04127e-05
7.575e-06,1.01001,3.04127e-05
7.585e-06,1.01073,2.83225e-05
7.595e-06,1.00785,2.6929e-05
7.605e-06,0.999207,2.34452e-05
7.615e-06,0.940883,2.34452e-05
7.625e-06,0.840796,6.8734e-05
7.635e-06,0.739988,0.000209477
7.645e-06,0.649982,0.000402477
7.655e-06,0.551335,0.000601051
7.665e-06,0.449808,0.000814256
7.675e-06,0.349001,0.00102049
7.685e-06,0.246753,0.00120374
7.695e-06,0.143066,0.00134727
7.705e-06,0.0552196,0.00147408
7.715e-06,0.0127366,0.00160019
7.725e-06,0.0112965,0.00167126
7.735e-06,0.00769624,0.00163781
7.745e-06,0.00121578,0.00153261
7.755e-06,-0.00166442,0.00140231
7.765e-06,-0.000944372,0.0012553
7.775e-06,0.00409599,0.00111107
7.785e-06,0.00193583,0.000993321
7.795e-06,0.00337594,0.000905531
7.805e-06,0.00193583,0.000829585
7.815e-06,0.00409599,0.000758516
7.825e-06,0.00265588,0.000681177
7.835e-06,0.00121578,0.000608018
7.845e-06,0.00193583,0.000550188
7.855e-06,0.00121578,0.000502809
7.865e-06,0.00337594,0.000463094
7.875e-06,-0.00238447,0.000430347
7.885e-06,0.00193583,0.000393419
7.895e-06,0.00193583,0.000354401
7.905e-06,0.00265588,0.000323048
7.915e-06,0.00337594,0.000294481
7.925e-06,0.00193583,0.000274275
7.935e-06,0.00337594,0.000251979
7.945e-06,0.000495731,0.00023247
7.955e-06,0.00121578,0.000208781
7.965e-06,0.00121578,0.000193452
7.975e-06,0.00337594,0.000186485
7.985e-06,0.00265588,0.00017464
7.995e-06,-0.000224321,0.000152344
8.005e-06,0.00265588,0.000138409
8.015e-06,0.00265588,0.000130048
8.025e-06,0.00193583,0.000125171
8.035e-06,0.000495731,0.00012308
8.045e-06,0.00193583,0.000118203
8.055e-06,0.00481604,0.000101481
8.065e-06,0.00193583,8.75462e-05
8.075e-06,-0.00166442,8.8243e-05
8.085e-06,-0.000224321,8.47592e-05
8.095e-06,0.00193583,7.84885e-05
8.105e-06,0.00193583,7.50047e-05
8.115e-06,-0.000224321,6.8734e-05
8.125e-06,0.00193583,5.82827e-05
8.135e-06,0.00121578,5.89795e-05
8.145e-06,0.00193583,5.89795e-05
8.155e-06,0.000495731,6.10697e-05
8.165e-06,-0.00166442,5.82827e-05
8.175e-06,0.000495731,5.2012e-05
8.185e-06,-0.00166442,4.71347e-05
8.195e-06,0.000495731,4.29542e-05
8.205e-06,0.00121578,4.01672e-05
8.215e-06,-0.00166442,4.15607e-05
8.225e-06,-0.00238447,4.50445e-05
8.235e-06,0.000495731,4.43477e-05
8.245e-06,-0.000224321,3.59867e-05
8.255e-06,-0.00238447,2.76257e-05
8.265e-06,-0.00166442,3.11095e-05
8.275e-06,-0.00166442,3.11095e-05
8.285e-06,-0.00238447,3.11095e-05
8.295e-06,-0.00166442,3.31997e-05
8.305e-06,-0.00166442,2.4142e-05
8.315e-06,-0.000944372,2.62322e-05
8.325e-06,0.000495731,2.6929e-05
8.335e-06,-0.00454463,2.4142e-05
8.345e-06,-0.00238447,1.64777e-05
8.355e-06,0.00121578,2.06582e-05
8.365e-06,-0.000944372,2.20517e-05
8.375e-06,-0.000944372,2.4142e-05
8.385e-06,0.00121578,2.06582e-05
8.395e-06,-0.00166442,2.20517e-05
8.405e-06,-0.000224321,1.99615e-05
8.415e-06,0.000495731,1.78712e-05
8.425e-06,-0.000944372,1.50842e-05
8.435e-06,-0.000944372,1.5781e-05
8.445e-06,0.00265588,1.36907e-05
8.455e-06,-0.00166442,1.36907e-05
8.465e-06,-0.00166442,1.43875e-05
8.475e-06,0.00193583,1.71745e-05
8.485e-06,-0.00238447,1.78712e-05
8.495e-06,-0.000224321,1.50842e-05
8.505e-06,-0.000944372,1.78712e-05
8.515e-06,0.000495731,1.50842e-05
8.525e-06,-0.00382458,1.5781e-05
8.535e-06,-0.00454463,1.50842e-05
8.545e-06,-0.00598473,1.43875e-05
8.555e-06,0.000495731,1.09037e-05
8.565e-06,-0.00310453,1.16005e-05
8.575e-06,0.000495731,1.0207e-05
8.585e-06,-0.00238447,1.09037e-05
8.595e-06,-0.00382458,1.50842e-05
8.605e-06,-0.00166442,1.16005e-05
8.615e-06,-0.00238447,1.2994e-05
8.625e-06,-0.00238447,1.0207e-05
8.635e-06,-0.00382458,1.22972e-05
8.645e-06,-0.000224321,6.72324e-06
8.655e-06,-0.00166442,1.0207e-05
8.665e-06,-0.000944372,8.81349e-06
8.675e-06,-0.00166442,9.51024e-06
8.685e-06,-0.000224321,8.81349e-06
8.705e-06,-0.00238447,1.22972e-05
8.715e-06,0.000495731,8.81349e-06
8.725e-06,0.000495731,1.09037e-05
8.735e-06,0.000495731,6.02649e-06
8.745e-06,-0.00238447,6.72324e-06
8.755e-06,-0.00166442,6.72324e-06
8.765e-06,-0.000224321,8.11674e-06
8.775e-06,-0.00238447,1.22972e-05
8.785e-06,-0.000224321,1.16005e-05
8.795e-06,-0.00454463,2.54274e-06
8.805e-06,-0.00238447,3.93624e-06
8.815e-06,-0.00454463,9.51024e-06
8.825e-06,-0.00598473,1.36907e-05
8.835e-06,-0.00238447,6.02649e-06
8.845e-06,-0.00310453,1.16005e-05
8.855e-06,-0.00166442,1.84599e-06
8.865e-06,-0.00382458,1.84599e-06
8.875e-06,-0.000224321,-2.44262e-07
8.885e-06,-0.000944372,3.93624e-06
8.895e-06,-0.00166442,7.41999e-06
8.905e-06,-0.000224321,1.09037e-05
8.915e-06,-0.000224321,1.22972e-05
8.925e-06,-0.00166442,6.72324e-06
8.935e-06,-0.000944372,3.93624e-06
8.945e-06,-0.000944372,3.23949e-06
8.955e-06,-0.00238447,6.72324e-06
8.965e-06,-0.00310453,6.02649e-06
8.975e-06,-0.000224321,7.41999e-06
8.985e-06,-0.000944372,4.63299e-06
8.995e-06,-0.00238447,5.32974e-06
9.005e-06,-0.000944372,6.72324e-06
9.015e-06,0.00193583,5.32974e-06
9.025e-06,0.000495731,-1.63776e-06
9.035e-06,-0.00166442,2.54274e-06
9.045e-06,0.00121578,4.63299e-06
9.055e-06,0.000495731,1.0207e-05
9.065e-06,0.00193583,8.11674e-06
9.075e-06,-0.00310453,-2.33451e-06
9.085e-06,-0.00166442,-4.42476e-06
9.095e-06,-0.00166442,1.84599e-06
9.105e-06,-0.000224321,6.02649e-06
9.115e-06,-0.00382458,7.41999e-06
9.125e-06,0.00193583,2.54274e-06
9.135e-06,-0.00310453,-2.44262e-07
9.145e-06,-0.00238447,4.52488e-07
9.155e-06,-0.000944372,4.52488e-07
9.165e-06,-0.000944372,5.32974e-06
9.175e-06,-0.00238447,-9.41012e-07
9.185e-06,-0.00454463,4.63299e-06
9.195e-06,-0.00166442,7.41999e-06
9.205e-06,-0.00238447,2.54274e-06
9.215e-06,-0.00166442,3.93624e-06
9.225e-06,-0.00310453,4.63299e-06
9.235e-06,-0.00238447,1.14924e-06
9.245e-06,-0.000944372,3.23949e-06
9.255e-06,-0.00382458,8.11674e-06
9.265e-06,-0.00238447,5.32974e-06
9.275e-06,-0.000224321,1.14924e-06
9.285e-06,-0.00166442,2.54274e-06
9.295e-06,-0.00238447,3.23949e-06
9.305e-06,-0.000224321,2.54274e-06
9.315e-06,-0.00454463,6.02649e-06
9.325e-06,-0.00238447,3.23949e-06
9.335e-06,-0.00238447,-2.44262e-07
9.345e-06,-0.000944372,-2.44262e-07
9.355e-06,-0.000224321,1.84599e-06
9.365e-06,-0.000224321,5.32974e-06
9.375e-06,-0.00166442,3.23949e-06
9.385e-06,-0.000224321,4.52488e-07
9.395e-06,-0.000224321,-1.63776e-06
9.405e-06,-0.000224321,3.23949e-06
9.415e-06,-0.000944372,1.14924e-06
9.425e-06,-0.00238447,-9.41012e-07
9.435e-06,-0.00166442,-9.41012e-07
9.445e-06,-0.000944372,4.52488e-07
9.455e-06,-0.000944372,4.52488e-07
9.465e-06,-0.00166442,4.63299e-06
9.475e-06,-0.00238447,-9.41012e-07
9.485e-06,0.000495731,-3.03126e-06
9.495e-06,-0.00382458,-9.41012e-07
9.505e-06,0.000495731,3.23949e-06
9.515e-06,-0.000944372,4.52488e-07
9.525e-06,-0.000944372,-2.44262e-07
9.535e-06,-0.000224321,4.52488e-07
9.545e-06,-0.00166442,1.14924e-06
9.555e-06,-0.000944372,-2.44262e-07
9.565e-06,-0.00454463,-2.44262e-07
9.575e-06,-0.000224321,1.14924e-06
9.585e-06,0.000495731,1.14924e-06
9.595e-06,0.00193583,4.52488e-07
9.605e-06,-0.00166442,2.54274e-06
9.615e-06,-0.000944372,6.72324e-06
9.625e-06,-0.000944372,3.93624e-06
9.635e-06,-0.00166442,-2.33451e-06
9.645e-06,-0.00526468,-3.03126e-06
9.655e-06,0.000495731,-9.41012e-07
9.665e-06,-0.00166442,-2.44262e-07
9.675e-06,-0.00238447,4.52488e-07
9.685e-06,0.000495731,-2.44262e-07
9.695e-06,-0.00454463,2.54274e-06
9.705e-06,0.0256975,-1.63776e-06
9.715e-06,0.244593,-5.12151e-06
9.725e-06,0.580857,-0.000147955
9.735e-06,0.927202,-0.000646132
9.745e-06,1.25122,-0.00132477
9.755e-06,1.59253,-0.00203963
9.765e-06,1.95183,-0.0027761
9.775e-06,2.31186,-0.00347494
9.785e-06,2.66037,-0.0040616
9.795e-06,3.01607,-0.00454445
9.805e-06,3.33649,-0.00497574
9.815e-06,3.47618,-0.00539448
9.825e-06,3.48122,-0.00566134
9.835e-06,3.49418,-0.0055617
9.845e-06,3.52875,-0.00522378
9.855e-06,3.54171,-0.00481688
9.865e-06,3.53451,-0.00434587
9.875e-06,3.52659,-0.003847
9.885e-06,3.52299,-0.00342616
9.895e-06,3.52443,-0.00310148
9.905e-06,3.50499,-0.00280675
9.915e-06,3.34369,-0.00252318
9.925e-06,3.10104,-0.00215529
9.935e-06,2.8555,-0.00157002
9.945e-06,2.6258,-0.000885117
9.955e-06,2.37955,-0.000212056
9.965e-06,2.12105,0.000461004
9.975e-06,1.86471,0.00111943
9.985e-06,1.61341,0.00168171
9.995e-06,1.35995,0.00214993
1.0005e-05,1.13098,0.00256101
1.0015e-05,1.03017,0.00293168
1.0025e-05,1.02513,0.00315325
1.0035e-05,1.01793,0.00309542
1.0045e-05,0.997047,0.00287037
1.0055e-05,0.989846,0.00259097
1.0065e-05,0.992726,0.00226698
1.0075e-05,1.00209,0.00192836
1.0085e-05,1.00713,0.00166568
1.0095e-05,1.00497,0.00148035
1.0105e-05,1.00569,0.00132079
1.0115e-05,1.00281,0.00117866
1.0125e-05,1.00713,0.00103931
1.0135e-05,1.00713,0.000905531
1.0145e-05,1.00713,0.000793354
1.0155e-05,1.00857,0.000702776
1.0165e-05,1.00857,0.000635192
1.0175e-05,1.00785,0.000568304
1.0185e-05,1.00713,0.000504899
1.0195e-05,1.00569,0.000450553
1.0205e-05,1.00785,0.0003976
1.0215e-05,1.00785,0.000349524
1.0225e-05,1.00929,0.000319564
1.0235e-05,1.00857,0.000286817
1.0245e-05,1.00857,0.00025616
1.0255e-05,1.00857,0.000226199
1.0265e-05,1.00785,0.00020042
1.0275e-05,1.00929,0.000183698
1.0285e-05,1.00713,0.000171853
1.0295e-05,1.00713,0.000156524
1.0305e-05,1.00641,0.000138409
1.0315e-05,1.00785,0.00012308
1.0325e-05,1.00857,0.000111932
1.0335e-05,1.00785,0.000103571
1.0345e-05,1.00785,0.000100784
1.0355e-05,1.01145,9.103e-05
1.0365e-05,1.00641,8.33657e-05
1.0375e-05,1.00713,6.66437e-05
1.0385e-05,1.00785,6.66437e-05
1.0395e-05,1.01001,6.10697e-05
1.0405e-05,1.00929,5.54957e-05
1.0415e-05,1.00713,5.13152e-05
1.0425e-05,1.00929,4.71347e-05
1.0435e-05,1.00785,4.3651e-05
1.0445e-05,1.00425,4.43477e-05
1.0455e-05,1.00785,3.59867e-05
1.0465e-05,1.00497,3.38965e-05
1.0475e-05,1.00641,3.2503e-05
1.0485e-05,1.01001,3.59867e-05
1.0495e-05,1.00857,2.90192e-05
1.0505e-05,0.999927,2.48387e-05
1.0515e-05,0.938723,2.55355e-05
1.0525e-05,0.839356,6.316e-05
1.0535e-05,0.739988,0.000209477
1.0545e-05,0.649982,0.000403871
1.0555e-05,0.552055,0.000603838
1.0565e-05,0.449808,0.000820527
1.0575e-05,0.349721,0.00103095
1.0585e-05,0.245313,0.00119956
1.0595e-05,0.145946,0.00134657
1.0605e-05,0.0530595,0.00147408
1.0615e-05,0.0141767,0.0015988
1.0625e-05,0.0098564,0.00167753
1.0635e-05,0.00913635,0.00163503
1.0645e-05,-0.000224321,0.00153679
1.0655e-05,-0.00526468,0.00141555
1.0665e-05,-0.00238447,0.00126923
1.0675e-05,0.00193583,0.00111804
1.0685e-05,0.00337594,0.000997502
1.0695e-05,0.00193583,0.000911801
1.0705e-05,0.00337594,0.000835159
1.0715e-05,0.00121578,0.00075991
1.0725e-05,0.000495731,0.000688145
1.0735e-05,0.00121578,0.000614289
1.0745e-05,0.00409599,0.00056273
1.0755e-05,0.00409599,0.000507686
1.0765e-05,0.00193583,0.000466578
1.0775e-05,0.00193583,0.00042547
1.0785e-05,0.00265588,0.000390632
1.0795e-05,0.000495731,0.000358582
1.0805e-05,0.00265588,0.000323744
1.0815e-05,0.00121578,0.000295874
1.0825e-05,0.00265588,0.000274275
1.0835e-05,-0.000224321,0.00025616
1.0845e-05,0.00121578,0.000235954
1.0855e-05,0.00121578,0.000214355
1.0865e-05,0.00481604,0.000196239
1.0875e-05,0.00121578,0.000180214
1.0885e-05,0.00265588,0.00017464
1.0895e-05,0.00265588,0.000155131
1.0905e-05,0.000495731,0.000150254
1.0915e-05,-0.000224321,0.000139802
1.0925e-05,0.00121578,0.000129351
1.0935e-05,0.00121578,0.000119597
1.0945e-05,-0.000224321,0.000113326
1.0955e-05,0.00193583,0.000107055
1.0965e-05,0.00337594,9.6604e-05
1.0975e-05,0.00121578,9.103e-05
1.0985e-05,0.00265588,8.40625e-05
1.0995e-05,0.00193583,8.33657e-05
1.1005e-05,0.000495731,7.50047e-05
1.1015e-05,0.000495731,7.22177e-05
1.1025e-05,0.00265588,6.52502e-05
1.1035e-05,-0.000224321,6.66437e-05
1.1045e-05,-0.00166442,5.96762e-05
1.1055e-05,0.00481604,5.41022e-05
1.1065e-05,0.00193583,5.54957e-05
1.1075e-05,0.000495731,5.06185e-05
1.1085e-05,-0.00166442,4.9225e-05
1.1095e-05,-0.000224321,4.3651e-05
1.1105e-05,-0.000224321,4.0864e-05
1.1115e-05,0.00121578,4.15607e-05
1.1125e-05,0.000495731,3.94705e-05
1.1135e-05,0.00265588,3.73802e-05
1.1145e-05,-0.00166442,3.31997e-05
1.1155e-05,0.00121578,3.529e-05
1.1165e-05,0.00121578,3.31997e-05
1.1175e-05,-0.000224321,3.529e-05
1.1185e-05,0.000495731,3.38965e-05
1.1195e-05,-0.000224321,2.9716e-05
1.1205e-05,0.000495731,2.4142e-05
1.1215e-05,-0.000944372,2.4142e-05
1.1225e-05,0.000495731,3.04127e-05
1.1235e-05,0.00265588,1.99615e-05
1.1245e-05,-0.00238447,1.99615e-05
1.1255e-05,0.00193583,2.20517e-05
1.1265e-05,-0.000224321,2.48387e-05
1.1275e-05,0.000495731,2.55355e-05
1.1285e-05,-0.000224321,1.92647e-05
1.1295e-05,-0.00166442,1.8568e-05
1.1305e-05,0.00193583,2.06582e-05
1.1315e-05,-0.00238447,2.34452e-05
1.1325e-05,0.00193583,2.20517e-05
1.1335e-05,-0.00166442,1.92647e-05
1.1345e-05,0.00121578,1.8568e-05
1.1355e-05,0.00193583,1.50842e-05
1.1365e-05,0.00193583,1.43875e-05
1.1375e-05,-0.000224321,1.71745e-05
1.1385e-05,-0.00166442,2.06582e-05
1.1395e-05,-0.00310453,1.43875e-05
1.1405e-05,0.00193583,1.2994e-05
1.1415e-05,-0.00166442,1.16005e-05
1.1425e-05,0.000495731,1.8568e-05
1.1435e-05,-0.00310453,1.50842e-05
1.1445e-05,-0.00166442,1.0207e-05
1.1455e-05,-0.000944372,1.16005e-05
1.1465e-05,-0.00382458,1.36907e-05
1.1475e-05,-0.000224321,1.22972e-05
1.1485e-05,-0.00166442,1.36907e-05
1.1495e-05,-0.000944372,1.16005e-05
1.1505e-05,0.000495731,6.72324e-06
1.1515e-05,-0.00166442,6.02649e-06
1.1525e-05,0.000495731,1.22972e-05
1.1535e-05,-0.000224321,1.22972e-05
1.1545e-05,-0.00166442,7.41999e-06
1.1555e-05,-0.000224321,6.72324e-06
1.1565e-05,0.00121578,8.81349e-06
1.1575e-05,-0.000224321,1.22972e-05
1.1585e-05,-0.000224321,9.51024e-06
1.1605e-05,0.000495731,7.41999e-06
1.1615e-05,-0.000224321,1.16005e-05
1.1625e-05,-0.000224321,8.81349e-06
1.1635e-05,-0.00166442,6.02649e-06
1.1645e-05,0.00121578,5.32974e-06
1.1655e-05,-0.00382458,8.81349e-06
1.1665e-05,0.00193583,1.0207e-05
1.1675e-05,-0.00238447,1.0207e-05
1.1685e-05,0.000495731,7.41999e-06
1.1695e-05,-0.00166442,3.23949e-06
1.1705e-05,0.000495731,6.72324e-06
1.1715e-05,-0.00382458,1.22972e-05
1.1725e-05,0.000495731,1.16005e-05
1.1735e-05,-0.00166442,6.72324e-06
1.1745e-05,0.000495731,1.84599e-06
1.1755e-05,-0.00166442,3.23949e-06
1.1765e-05,-0.00310453,3.23949e-06
1.1775e-05,-0.00526468,9.51024e-06
1.1785e-05,-0.00238447,3.23949e-06
1.1795e-05,-0.00166442,6.02649e-06
1.1805e-05,-0.00238447,6.02649e-06
1.1815e-05,-0.00238447,4.63299e-06
1.1825e-05,-0.000944372,9.51024e-06
1.1835e-05,-0.00454463,9.51024e-06
1.1845e-05,-0.00166442,3.93624e-06
1.1855e-05,-0.00166442,4.63299e-06
1.1865e-05,-0.00238447,3.23949e-06
1.1875e-05,-0.00238447,6.02649e-06
1.1885e-05,-0.000944372,5.32974e-06
1.1895e-05,0.00121578,5.32974e-06
1.1905e-05,-0.000944372,-2.33451e-06
1.1915e-05,-0.00166442,-9.41012e-07
1.1925e-05,0.00121578,5.32974e-06
1.1935e-05,-0.00382458,4.52488e-07
1.1945e-05,-0.00310453,2.54274e-06
1.1955e-05,-0.00310453,4.63299e-06
1.1965e-05,-0.00454463,3.93624e-06
1.1975e-05,-0.00166442,2.54274e-06
1.1985e-05,-0.00454463,3.93624e-06
1.1995e-05,-0.000944372,8.11674e-06
1.2005e-05,-0.00310453,6.72324e-06
1.2015e-05,-0.00382458,1.14924e-06
1.2025e-05,-0.00238447,-2.44262e-07
1.2035e-05,-0.000944372,5.32974e-06
1.2045e-05,-0.000224321,4.63299e-06
1.2055e-05,-0.00310453,6.02649e-06
1.2065e-05,-0.00310453,-9.41012e-07
1.2075e-05,-0.00166442,-1.63776e-06
1.2085e-05,-0.000224321,1.14924e-06
1.2095e-05,-0.00310453,5.32974e-06
1.2105e-05,-0.000944372,-2.33451e-06
1.2115e-05,-0.00382458,-2.44262e-07
1.2125e-05,-0.000224321,1.84599e-06
1.2135e-05,-0.000944372,2.54274e-06
1.2145e-05,-0.000944372,3.23949e-06
1.2155e-05,0.00121578,-2.33451e-06
1.2165e-05,-0.000224321,4.63299e-06
1.2175e-05,0.00265588,9.51024e-06
1.2185e-05,-0.000944372,1.16005e-05
1.2195e-05,0.00193583,1.64777e-05
1.2205e-05,-0.00310453,6.72324e-06
1.2215e-05,-0.00382458,-2.44262e-07
1.2225e-05,-0.00166442,-9.41012e-07
1.2235e-05,-0.000224321,-4.42476e-06
1.2245e-05,0.00121578,-2.33451e-06
1.2255e-05,0.000495731,4.63299e-06
1.2265e-05,-0.000224321,1.84599e-06
1.2275e-05,-0.00166442,-1.63776e-06
1.2285e-05,-0.000944372,1.14924e-06
1.2295e-05,-0.000224321,-2.33451e-06
1.2305e-05,0.000495731,-2.33451e-06
1.2315e-05,-0.00238447,-1.63776e-06
1.2325e-05,-0.00166442,3.93624e-06
1.2335e-05,-0.000224321,-1.63776e-06
1.2345e-05,-0.00166442,-4.42476e-06
1.2355e-05,-0.000224321,-1.63776e-06
1.2365e-05,-0.00238447,-2.44262e-07
1.2375e-05,-0.00238447,1.14924e-06
1.2385e-05,0.000495731,2.54274e-06
1.2395e-05,-0.00238447,3.93624e-06
1.2405e-05,-0.000224321,-2.44262e-07
1.2415e-05,-0.000944372,2.54274e-06
1.2425e-05,0.00409599,1.14924e-06
1.2435e-05,-0.000224321,-3.72801e-06
1.2445e-05,0.000495731,1.14924e-06
1.2455e-05,-0.00238447,3.93624e-06
1.2465e-05,-0.00238447,1.14924e-06
1.2475e-05,-0.000224321,1.84599e-06
1.2485e-05,-0.000224321,1.14924e-06
1.2495e-05,-0.000944372,4.52488e-07
1.2505e-05,-0.000944372,1.14924e-06
1.2515e-05,-0.000224321,3.93624e-06
1.2525e-05,-0.000224321,1.84599e-06
1.2535e-05,-0.00382458,-2.44262e-07
1.2545e-05,-0.00238447,-9.41012e-07
1.2555e-05,0.000495731,-2.44262e-07
1.2565e-05,-0.00310453,3.23949e-06
1.2575e-05,-0.00166442,-2.44262e-07
1.2585e-05,-0.000224321,4.52488e-07
1.2595e-05,-0.00454463,2.54274e-06
1.2605e-05,0.0278577,-9.41012e-07
1.2615e-05,0.242433,-7.21176e-06
1.2625e-05,0.585897,-0.000152833
1.2635e-05,0.925042,-0.000646828
1.2645e-05,1.2505,-0.00132128
1.2655e-05,1.59109,-0.00203615
1.2665e-05,1.95039,-0.0027754
1.2675e-05,2.31186,-0.00347633
1.2685e-05,2.66613,-0.00406648
1.2695e-05,3.01535,-0.00454096
1.2705e-05,3.33937,-0.00497922
1.2715e-05,3.47618,-0.00538891
1.2725e-05,3.48482,-0.00564671
1.2735e-05,3.49851,-0.00555543
1.2745e-05,3.52731,-0.00521751
1.2755e-05,3.54099,-0.00480573
1.2765e-05,3.53235,-0.00432288
1.2775e-05,3.52659,-0.00382401
1.2785e-05,3.52083,-0.00341014
1.2795e-05,3.52659,-0.00308267
1.2805e-05,3.50427,-0.00279421
1.2815e-05,3.34945,-0.00249879
1.2825e-05,3.10032,-0.00211767
1.2835e-05,2.85694,-0.0015101
1.2845e-05,2.62364,-0.000810564
1.2855e-05,2.37739,-0.000129143
1.2865e-05,2.12105,0.000547401
1.2875e-05,1.86687,0.00119747
1.2885e-05,1.61197,0.00175766
1.2895e-05,1.35779,0.00221124
1.2905e-05,1.12666,0.00260978
1.2915e-05,1.03233,0.00297557
1.2925e-05,1.02513,0.00319505
1.2935e-05,1.01937,0.00312816
1.2945e-05,0.998487,0.00290102
1.2955e-05,0.988406,0.00261884
1.2965e-05,0.993447,0.00228649
1.2975e-05,1.00281,0.00194369
1.2985e-05,1.00569,0.00168101
1.2995e-05,1.00785,0.0014908
1.3005e-05,1.00353,0.00133821
1.3015e-05,1.00353,0.0011912
1.3025e-05,1.00569,0.00104488
1.3035e-05,1.00785,0.000906924
1.3045e-05,1.00857,0.000796141
1.3055e-05,1.01073,0.000713924
1.3065e-05,1.00785,0.000644946
1.3075e-05,1.00713,0.000572484
1.3085e-05,1.00713,0.000506293
1.3095e-05,1.00713,0.00045125
1.3105e-05,1.00929,0.0003976
1.3115e-05,1.00713,0.000350918
1.3125e-05,1.01145,0.00031399
1.3135e-05,1.00641,0.0002903
1.3145e-05,1.00785,0.000264521
1.3155e-05,1.00929,0.000233864
1.3165e-05,1.00713,0.000208084
1.3175e-05,1.01073,0.000185091
1.3185e-05,1.00929,0.000168369
1.3195e-05,1.00929,0.000153041
1.3205e-05,1.00785,0.000142589
1.3215e-05,1.00785,0.000129351
1.3225e-05,1.01001,0.000111236
1.3235e-05,1.00713,9.59072e-05
1.3245e-05,1.00857,9.52105e-05
1.3255e-05,1.00857,9.3817e-05
1.3265e-05,1.00641,8.2669e-05
1.3275e-05,1.00785,7.63982e-05
1.3285e-05,1.00785,6.38567e-05
1.3295e-05,1.00857,6.10697e-05
1.3305e-05,1.00857,5.54957e-05
1.3315e-05,1.00641,5.4799e-05
1.3325e-05,1.01073,4.3651e-05
1.3335e-05,1.00641,4.78315e-05
1.3345e-05,1.00929,4.6438e-05
1.3355e-05,1.00857,3.94705e-05
1.3365e-05,1.00713,3.38965e-05
1.3375e-05,1.00857,3.04127e-05
1.3385e-05,1.00929,2.83225e-05
1.3395e-05,1.01145,2.90192e-05
1.3405e-05,1.00209,2.76257e-05
1.3415e-05,0.933682,2.62322e-05
1.3425e-05,0.839356,6.316e-05
1.3435e-05,0.743589,0.00020669
1.3445e-05,0.649982,0.000402477
1.3455e-05,0.554215,0.000606625
1.3465e-05,0.449808,0.00081983
1.3475e-05,0.349721,0.00102955
1.3485e-05,0.248193,0.00120235
1.3495e-05,0.143786,0.00134797
1.3505e-05,0.0544996,0.00147617
1.3515e-05,0.0127366,0.00160158
1.3525e-05,0.0098564,0.00167474
1.3535e-05,0.00697619,0.0016406
1.3545e-05,-0.00238447,0.00153609
1.3555e-05,-0.00382458,0.00140998
1.3565e-05,-0.00166442,0.00126505
1.3575e-05,-0.00382458,0.00111177
1.3585e-05,0.00625614,0.000994018
1.3595e-05,-0.000944372,0.000906924
1.3605e-05,0.00121578,0.000835856
1.3615e-05,0.00193583,0.000759213
1.3625e-05,0.00265588,0.000680481
1.3635e-05,0.00481604,0.000615683
1.3645e-05,0.00265588,0.000558549
1.3655e-05,0.00193583,0.00050908
1.3665e-05,0.00265588,0.000467972
1.3675e-05,0.00337594,0.000431044
1.3685e-05,0.000495731,0.000388542
1.3695e-05,0.00553609,0.000355795
1.3705e-05,0.00265588,0.000326531
1.3715e-05,0.00121578,0.000299358
1.3725e-05,0.00265588,0.000277759
1.3735e-05,0.00265588,0.000256856
1.3745e-05,0.00121578,0.000233864
1.3755e-05,0.00481604,0.000217838
1.3765e-05,-0.000224321,0.00020251
1.3775e-05,0.00337594,0.000182304
1.3785e-05,0.00265588,0.000167672
1.3795e-05,-0.000944372,0.000161402
1.3805e-05,0.00193583,0.000147467
1.3815e-05,-0.00166442,0.000131441
1.3825e-05,0.00481604,0.000122384
1.3835e-05,0.00121578,0.00011681
1.3845e-05,0.00265588,0.000109145
1.3855e-05,0.000495731,0.000102875
1.3865e-05,0.00265588,9.52105e-05
1.3875e-05,0.00265588,9.03332e-05
1.3885e-05,0.000495731,8.2669e-05
1.3895e-05,0.00265588,8.05787e-05
1.3905e-05,-0.000224321,7.36112e-05
1.3915e-05,0.000495731,7.4308e-05
1.3925e-05,-0.000944372,7.08242e-05
1.3935e-05,-0.000224321,6.24632e-05
1.3945e-05,-0.000944372,5.4799e-05
1.3955e-05,0.00265588,5.89795e-05
1.3965e-05,0.00121578,5.61925e-05
1.3975e-05,-0.000944372,4.57412e-05
1.3985e-05,-0.000944372,4.43477e-05
1.3995e-05,-0.00166442,4.22575e-05
1.4005e-05,-0.000224321,4.15607e-05
1.4015e-05,0.00337594,3.45932e-05
1.4025e-05,-0.00238447,4.22575e-05
1.4035e-05,-0.000944372,3.66835e-05
1.4045e-05,-0.000224321,3.2503e-05
1.4055e-05,-0.00166442,2.9716e-05
1.4065e-05,-0.000944372,3.31997e-05
1.4075e-05,-0.00166442,3.45932e-05
1.4085e-05,-0.000944372,2.76257e-05
1.4095e-05,0.00121578,2.6929e-05
1.4105e-05,0.000495731,2.55355e-05
1.4115e-05,-0.00238447,2.83225e-05
1.4125e-05,-0.00310453,2.76257e-05
1.4135e-05,-0.00238447,2.06582e-05
1.4145e-05,-0.000944372,1.99615e-05
1.4155e-05,0.000495731,2.06582e-05
1.4165e-05,-0.00454463,2.4142e-05
1.4175e-05,-0.00238447,2.4142e-05
1.4185e-05,0.000495731,1.92647e-05
1.4195e-05,0.000495731,1.64777e-05
1.4205e-05,-0.00454463,1.92647e-05
1.4215e-05,-0.000944372,2.27485e-05
1.4225e-05,0.000495731,1.78712e-05
1.4235e-05,0.00121578,1.92647e-05
1.4245e-05,-0.00238447,2.4142e-05
1.4255e-05,-0.00382458,1.99615e-05
1.4265e-05,-0.000944372,1.2994e-05
1.4275e-05,-0.000224321,4.63299e-06
1.4285e-05,0.000495731,1.36907e-05
1.4295e-05,-0.00310453,2.1355e-05
1.4305e-05,-0.00310453,2.6929e-05
1.4315e-05,-0.00310453,2.20517e-05
1.4325e-05,0.00121578,4.63299e-06
1.4335e-05,0.00121578,2.54274e-06
1.4345e-05,-0.00238447,8.11674e-06
1.4355e-05,-0.00166442,1.78712e-05
1.4365e-05,-0.00310453,1.8568e-05
1.4375e-05,-0.000224321,1.36907e-05
1.4385e-05,-0.000224321,1.50842e-05
1.4395e-05,-0.000224321,8.11674e-06
1.4405e-05,-0.000224321,1.43875e-05
1.4415e-05,-0.00166442,1.36907e-05
1.4425e-05,0.000495731,9.51024e-06
1.4435e-05,-0.000224321,8.11674e-06
1.4445e-05,0.000495731,1.84599e-06
1.4455e-05,-0.000224321,3.93624e-06
1.4465e-05,-0.00166442,3.93624e-06
1.4475e-05,0.000495731,1.2994e-05
1.4485e-05,-0.00382458,9.51024e-06
