  Measurement Number     Measurement type
                   6                DC IV

      Measurement ID             SeriesID
       739912.747062                    0

         MeasureMode                Bias1                Bias2
                   2                    2                   -1

                Step  Positive compliance  Negative compliance
                0.05                1e-06                1e-06

  RealMeasuredPoints
                 124

        Bias        Current     Resistance
0.0000e+00   -2.4780e-11   -0.0000e+00
5.0000e-02   -3.0000e-13   -1.6667e+11
1.0000e-01   7.3000e-12   1.3699e+10
1.5000e-01   -4.5800e-12   -3.2751e+10
2.0000e-01   2.7630e-11   7.2385e+09
2.5000e-01   1.8580e-11   1.3455e+10
3.0000e-01   8.0700e-12   3.7175e+10
3.5000e-01   1.7450e-11   2.0057e+10
4.0000e-01   -1.0920e-11   -3.6630e+10
4.5000e-01   8.4400e-12   5.3318e+10
5.0000e-01   1.3550e-11   3.6900e+10
5.5000e-01   1.2530e-11   4.3895e+10
6.0000e-01   2.1290e-11   2.8182e+10
6.5000e-01   4.2970e-11   1.5127e+10
7.0000e-01   4.6450e-11   1.5070e+10
7.5000e-01   5.2350e-11   1.4327e+10
8.0000e-01   3.0260e-11   2.6438e+10
8.5000e-01   3.8410e-11   2.2130e+10
9.0000e-01   6.2070e-11   1.4500e+10
9.5000e-01   3.5920e-11   2.6448e+10
1.0000e+00   4.1130e-11   2.4313e+10
1.0500e+00   6.0160e-11   1.7453e+10
1.1000e+00   3.6510e-11   3.0129e+10
1.1500e+00   5.9390e-11   1.9364e+10
1.2000e+00   8.1240e-11   1.4771e+10
1.2500e+00   8.1840e-11   1.5274e+10
1.3000e+00   7.3360e-11   1.7721e+10
1.3500e+00   6.2960e-11   2.1442e+10
1.4000e+00   1.0000e-06   1.4000e+06
1.4500e+00   1.0000e-06   1.4500e+06
1.5000e+00   1.0000e-06   1.5000e+06
1.5500e+00   1.0000e-06   1.5500e+06
1.6000e+00   1.0000e-06   1.6000e+06
1.6500e+00   1.0000e-06   1.6500e+06
1.7000e+00   1.0000e-06   1.6999e+06
1.7500e+00   1.0000e-06   1.7500e+06
1.8000e+00   1.0000e-06   1.8000e+06
1.8500e+00   1.0000e-06   1.8500e+06
1.9000e+00   1.0000e-06   1.9000e+06
1.9500e+00   1.0000e-06   1.9500e+06
2.0000e+00   1.0000e-06   2.0000e+06
2.0000e+00   1.0002e-06   1.9995e+06
1.9500e+00   1.0000e-06   1.9499e+06
1.9000e+00   1.0000e-06   1.8999e+06
1.8500e+00   1.0000e-06   1.8499e+06
1.8000e+00   1.0000e-06   1.8000e+06
1.7500e+00   1.0000e-06   1.7500e+06
1.7000e+00   9.9998e-07   1.7000e+06
1.6500e+00   1.0000e-06   1.6500e+06
1.6000e+00   1.0000e-06   1.6000e+06
1.5500e+00   1.0000e-06   1.5500e+06
1.5000e+00   1.0000e-06   1.4999e+06
1.4500e+00   1.0000e-06   1.4500e+06
1.4000e+00   1.0000e-06   1.4000e+06
1.3500e+00   1.0000e-06   1.3500e+06
1.3000e+00   9.9998e-07   1.3000e+06
1.2500e+00   1.0000e-06   1.2500e+06
1.2000e+00   1.0000e-06   1.2000e+06
1.1500e+00   1.0000e-06   1.1500e+06
1.1000e+00   1.0000e-06   1.1000e+06
1.0500e+00   1.0000e-06   1.0500e+06
1.0000e+00   1.0001e-06   9.9990e+05
9.5000e-01   1.0000e-06   9.5000e+05
9.0000e-01   1.0001e-06   8.9995e+05
8.5000e-01   1.0000e-06   8.5000e+05
8.0000e-01   9.9994e-07   8.0005e+05
7.5000e-01   1.0000e-06   7.5000e+05
7.0000e-01   1.0000e-06   7.0000e+05
6.5000e-01   9.9998e-07   6.5001e+05
6.0000e-01   4.5720e-11   1.3123e+10
5.5000e-01   1.1610e-11   4.7373e+10
5.0000e-01   3.0600e-12   1.6340e+11
4.5000e-01   -5.6000e-12   -8.0357e+10
4.0000e-01   1.5000e-11   2.6667e+10
3.5000e-01   -9.0800e-12   -3.8546e+10
3.0000e-01   5.6200e-12   5.3381e+10
2.5000e-01   6.2600e-12   3.9936e+10
2.0000e-01   -1.2310e-11   -1.6247e+10
1.5000e-01   -2.3400e-12   -6.4103e+10
1.0000e-01   -2.6240e-11   -3.8110e+09
5.0000e-02   -1.2330e-11   -4.0552e+09
0.0000e+00   3.3300e-12   0.0000e+00
0.0000e+00   -8.1300e-12   -0.0000e+00
-5.0000e-02   -2.0760e-11   2.4085e+09
-1.0000e-01   -8.9600e-12   1.1161e+10
-1.5000e-01   3.3700e-12   -4.4510e+10
-2.0000e-01   -3.0840e-11   6.4851e+09
-2.5000e-01   4.8500e-12   -5.1546e+10
-3.0000e-01   -4.3800e-12   6.8493e+10
-3.5000e-01   -2.2140e-11   1.5808e+10
-4.0000e-01   -2.5690e-11   1.5570e+10
-4.5000e-01   -3.2110e-11   1.4014e+10
-5.0000e-01   -2.6160e-11   1.9113e+10
-5.5000e-01   -6.6700e-12   8.2459e+10
-6.0000e-01   -1.7700e-12   3.3898e+11
-6.5000e-01   9.0000e-14   -7.2222e+12
-7.0000e-01   -3.0070e-11   2.3279e+10
-7.5000e-01   -3.1500e-11   2.3810e+10
-8.0000e-01   -9.9996e-07   8.0003e+05
-8.5000e-01   -1.0000e-06   8.4998e+05
-9.0000e-01   -1.0000e-06   8.9998e+05
-9.5000e-01   -1.0001e-06   9.4991e+05
-1.0000e+00   -1.0000e-06   1.0000e+06
-1.0000e+00   -1.0000e-06   1.0000e+06
-9.5000e-01   -1.0000e-06   9.5000e+05
-9.0000e-01   -1.0000e-06   9.0000e+05
-8.5000e-01   -1.0000e-06   8.4998e+05
-8.0000e-01   -1.0000e-06   8.0000e+05
-7.5000e-01   -1.0000e-06   7.4999e+05
-7.0000e-01   -1.0000e-06   6.9999e+05
-6.5000e-01   -1.0000e-06   6.5000e+05
-6.0000e-01   -1.0000e-06   6.0000e+05
-5.5000e-01   -9.9996e-07   5.5002e+05
-5.0000e-01   -1.0001e-06   4.9996e+05
-4.5000e-01   -1.0001e-06   4.4996e+05
-4.0000e-01   -9.9998e-07   4.0001e+05
-3.5000e-01   -1.0000e-06   3.4999e+05
-3.0000e-01   -7.1458e-07   4.1983e+05
-2.5000e-01   -3.2920e-07   7.5942e+05
-2.0000e-01   -1.1140e-08   1.7953e+07
-1.5000e-01   -8.1628e-09   1.8376e+07
-1.0000e-01   3.1200e-12   -3.2051e+10
-5.0000e-02   -1.0630e-11   4.7037e+09
0.0000e+00   -1.2920e-11   -0.0000e+00
