  Measurement Number     Measurement type
                   4                DC IV

      Measurement ID             SeriesID
       739956.527218                   28

         MeasureMode                Bias1                Bias2
                   2                   -3                    3

                Step  Positive compliance  Negative compliance
                0.05                  0.1                  0.1

  RealMeasuredPoints
                 244

        Bias        Current     Resistance
0.0000e+00   1.1905e-10   0.0000e+00
-5.0000e-02   -5.2990e-08   9.4358e+05
-1.0000e-01   -1.5316e-07   6.5291e+05
-1.5000e-01   -2.5244e-07   5.9420e+05
-2.0000e-01   -3.5418e-07   5.6468e+05
-2.5000e-01   -5.4638e-05   4.5756e+03
-3.0000e-01   -1.9112e-04   1.5697e+03
-3.5000e-01   -2.2358e-04   1.5654e+03
-4.0000e-01   -3.3418e-04   1.1970e+03
-4.5000e-01   -4.6614e-04   9.6538e+02
-5.0000e-01   -6.1402e-04   8.1431e+02
-5.5000e-01   -8.1928e-04   6.7132e+02
-6.0000e-01   -8.9092e-04   6.7346e+02
-6.5000e-01   -1.0129e-03   6.4170e+02
-7.0000e-01   -1.1389e-03   6.1464e+02
-7.5000e-01   -1.1642e-03   6.4422e+02
-8.0000e-01   -1.2260e-03   6.5253e+02
-8.5000e-01   -1.3404e-03   6.3414e+02
-9.0000e-01   -1.3572e-03   6.6313e+02
-9.5000e-01   -1.3476e-03   7.0496e+02
-1.0000e+00   -1.2700e-03   7.8740e+02
-1.0500e+00   -1.1880e-03   8.8384e+02
-1.1000e+00   -9.8500e-04   1.1168e+03
-1.1500e+00   -6.5772e-04   1.7485e+03
-1.2000e+00   -6.7168e-04   1.7866e+03
-1.2500e+00   -5.6000e-04   2.2321e+03
-1.3000e+00   -5.3184e-04   2.4443e+03
-1.3500e+00   -4.7206e-04   2.8598e+03
-1.4000e+00   -4.7118e-04   2.9713e+03
-1.4500e+00   -5.2128e-04   2.7816e+03
-1.5000e+00   -6.3824e-04   2.3502e+03
-1.5500e+00   -5.2980e-04   2.9256e+03
-1.6000e+00   -4.8730e-04   3.2834e+03
-1.6500e+00   -6.0780e-04   2.7147e+03
-1.7000e+00   -6.7000e-04   2.5373e+03
-1.7500e+00   -7.6348e-04   2.2921e+03
-1.8000e+00   -6.5722e-04   2.7388e+03
-1.8500e+00   -6.8818e-04   2.6883e+03
-1.9000e+00   -9.5272e-04   1.9943e+03
-1.9500e+00   -1.0272e-03   1.8984e+03
-2.0000e+00   -1.1111e-03   1.8001e+03
-2.0500e+00   -1.5372e-03   1.3336e+03
-2.1000e+00   -1.6258e-03   1.2917e+03
-2.1500e+00   -1.9666e-03   1.0933e+03
-2.2000e+00   -2.0868e-03   1.0542e+03
-2.2500e+00   -2.2172e-03   1.0148e+03
-2.3000e+00   -2.3950e-03   9.6033e+02
-2.3500e+00   -2.8690e-03   8.1910e+02
-2.4000e+00   -3.2896e-03   7.2957e+02
-2.4500e+00   -3.4482e-03   7.1052e+02
-2.5000e+00   -3.8496e-03   6.4942e+02
-2.5500e+00   -4.3728e-03   5.8315e+02
-2.6000e+00   -4.5646e-03   5.6960e+02
-2.6500e+00   -4.7368e-03   5.5945e+02
-2.7000e+00   -5.0112e-03   5.3879e+02
-2.7500e+00   -5.2076e-03   5.2807e+02
-2.8000e+00   -5.3554e-03   5.2284e+02
-2.8500e+00   -5.5984e-03   5.0907e+02
-2.9000e+00   -5.7654e-03   5.0300e+02
-2.9500e+00   -6.1720e-03   4.7797e+02
-3.0000e+00   -6.3024e-03   4.7601e+02
-3.0000e+00   -6.4336e-03   4.6630e+02
-2.9500e+00   -6.1936e-03   4.7630e+02
-2.9000e+00   -6.0298e-03   4.8094e+02
-2.8500e+00   -5.8578e-03   4.8653e+02
-2.8000e+00   -5.7022e-03   4.9104e+02
-2.7500e+00   -5.5438e-03   4.9605e+02
-2.7000e+00   -5.3918e-03   5.0076e+02
-2.6500e+00   -5.2268e-03   5.0700e+02
-2.6000e+00   -5.0788e-03   5.1193e+02
-2.5500e+00   -4.9202e-03   5.1827e+02
-2.5000e+00   -4.7678e-03   5.2435e+02
-2.4500e+00   -4.6196e-03   5.3035e+02
-2.4000e+00   -4.4580e-03   5.3836e+02
-2.3500e+00   -4.3100e-03   5.4524e+02
-2.3000e+00   -4.1638e-03   5.5238e+02
-2.2500e+00   -4.0056e-03   5.6171e+02
-2.2000e+00   -3.8580e-03   5.7024e+02
-2.1500e+00   -3.7134e-03   5.7898e+02
-2.1000e+00   -3.5658e-03   5.8893e+02
-2.0500e+00   -3.4268e-03   5.9823e+02
-2.0000e+00   -3.2828e-03   6.0924e+02
-1.9500e+00   -3.1392e-03   6.2118e+02
-1.9000e+00   -2.9980e-03   6.3376e+02
-1.8500e+00   -2.8620e-03   6.4640e+02
-1.8000e+00   -2.7250e-03   6.6055e+02
-1.7500e+00   -2.5836e-03   6.7735e+02
-1.7000e+00   -2.4480e-03   6.9444e+02
-1.6500e+00   -2.3154e-03   7.1262e+02
-1.6000e+00   -2.1820e-03   7.3327e+02
-1.5500e+00   -2.0496e-03   7.5625e+02
-1.5000e+00   -1.9204e-03   7.8109e+02
-1.4500e+00   -1.7914e-03   8.0942e+02
-1.4000e+00   -1.6694e-03   8.3862e+02
-1.3500e+00   -1.5448e-03   8.7390e+02
-1.3000e+00   -1.4294e-03   9.0947e+02
-1.2500e+00   -1.3150e-03   9.5057e+02
-1.2000e+00   -1.2034e-03   9.9717e+02
-1.1500e+00   -1.0990e-03   1.0464e+03
-1.1000e+00   -9.9606e-04   1.1044e+03
-1.0500e+00   -8.9918e-04   1.1677e+03
-1.0000e+00   -8.0954e-04   1.2353e+03
-9.5000e-01   -7.2516e-04   1.3101e+03
-9.0000e-01   -6.4646e-04   1.3922e+03
-8.5000e-01   -5.7188e-04   1.4863e+03
-8.0000e-01   -5.0646e-04   1.5796e+03
-7.5000e-01   -4.4490e-04   1.6858e+03
-7.0000e-01   -3.8782e-04   1.8050e+03
-6.5000e-01   -3.3624e-04   1.9331e+03
-6.0000e-01   -2.8962e-04   2.0717e+03
-5.5000e-01   -2.4756e-04   2.2217e+03
-5.0000e-01   -2.0942e-04   2.3875e+03
-4.5000e-01   -1.7538e-04   2.5659e+03
-4.0000e-01   -1.4484e-04   2.7617e+03
-3.5000e-01   -1.1794e-04   2.9676e+03
-3.0000e-01   -9.3304e-05   3.2153e+03
-2.5000e-01   -7.2090e-05   3.4679e+03
-2.0000e-01   -5.3590e-05   3.7320e+03
-1.5000e-01   -3.7228e-05   4.0292e+03
-1.0000e-01   -2.3090e-05   4.3309e+03
-5.0000e-02   -1.0930e-05   4.5746e+03
0.0000e+00   2.7888e-08   0.0000e+00
0.0000e+00   2.8856e-08   0.0000e+00
5.0000e-02   1.0828e-05   4.6177e+03
1.0000e-01   2.2606e-05   4.4236e+03
1.5000e-01   3.6056e-05   4.1602e+03
2.0000e-01   5.1502e-05   3.8833e+03
2.5000e-01   6.9404e-05   3.6021e+03
3.0000e-01   8.9474e-05   3.3529e+03
3.5000e-01   1.1167e-04   3.1342e+03
4.0000e-01   1.4350e-04   2.7875e+03
4.5000e-01   1.7224e-04   2.6126e+03
5.0000e-01   2.0688e-04   2.4169e+03
5.5000e-01   2.3822e-04   2.3088e+03
6.0000e-01   2.7246e-04   2.2022e+03
6.5000e-01   3.1308e-04   2.0761e+03
7.0000e-01   3.5892e-04   1.9503e+03
7.5000e-01   4.1536e-04   1.8057e+03
8.0000e-01   4.5212e-04   1.7694e+03
8.5000e-01   5.0898e-04   1.6700e+03
9.0000e-01   5.8328e-04   1.5430e+03
9.5000e-01   6.5666e-04   1.4467e+03
1.0000e+00   7.5496e-04   1.3246e+03
1.0500e+00   8.7824e-04   1.1956e+03
1.1000e+00   1.0094e-03   1.0898e+03
1.1500e+00   1.1342e-03   1.0139e+03
1.2000e+00   1.3418e-03   8.9432e+02
1.2500e+00   1.4524e-03   8.6064e+02
1.3000e+00   1.5776e-03   8.2404e+02
1.3500e+00   1.7246e-03   7.8279e+02
1.4000e+00   1.8782e-03   7.4539e+02
1.4500e+00   2.0240e-03   7.1640e+02
1.5000e+00   2.1738e-03   6.9004e+02
1.5500e+00   2.3526e-03   6.5885e+02
1.6000e+00   2.5026e-03   6.3934e+02
1.6500e+00   2.6618e-03   6.1988e+02
1.7000e+00   2.8400e-03   5.9859e+02
1.7500e+00   3.0348e-03   5.7664e+02
1.8000e+00   3.1942e-03   5.6352e+02
1.8500e+00   3.3530e-03   5.5174e+02
1.9000e+00   3.5034e-03   5.4233e+02
1.9500e+00   3.6522e-03   5.3392e+02
2.0000e+00   3.7048e-03   5.3984e+02
2.0500e+00   2.5260e-03   8.1156e+02
2.1000e+00   1.3270e-03   1.5825e+03
2.1500e+00   1.0860e-03   1.9797e+03
2.2000e+00   8.5718e-04   2.5666e+03
2.2500e+00   9.0868e-04   2.4761e+03
2.3000e+00   8.8056e-04   2.6120e+03
2.3500e+00   8.4228e-04   2.7900e+03
2.4000e+00   7.8272e-04   3.0662e+03
2.4500e+00   7.4760e-04   3.2772e+03
2.5000e+00   7.0260e-04   3.5582e+03
2.5500e+00   7.0798e-04   3.6018e+03
2.6000e+00   6.2736e-04   4.1444e+03
2.6500e+00   5.7064e-04   4.6439e+03
2.7000e+00   6.0266e-04   4.4801e+03
2.7500e+00   5.3840e-04   5.1077e+03
2.8000e+00   2.4338e-04   1.1505e+04
2.8500e+00   2.1040e-04   1.3546e+04
2.9000e+00   1.5736e-04   1.8429e+04
2.9500e+00   1.7116e-04   1.7235e+04
3.0000e+00   1.0620e-04   2.8249e+04
3.0000e+00   1.0422e-04   2.8785e+04
2.9500e+00   8.9756e-05   3.2867e+04
2.9000e+00   8.6516e-05   3.3520e+04
2.8500e+00   7.4490e-05   3.8260e+04
2.8000e+00   7.0640e-05   3.9638e+04
2.7500e+00   6.7702e-05   4.0619e+04
2.7000e+00   6.6754e-05   4.0447e+04
2.6500e+00   6.3350e-05   4.1831e+04
2.6000e+00   5.9462e-05   4.3725e+04
2.5500e+00   5.5846e-05   4.5661e+04
2.5000e+00   5.1096e-05   4.8928e+04
2.4500e+00   4.9724e-05   4.9272e+04
2.4000e+00   4.5030e-05   5.3298e+04
2.3500e+00   4.2524e-05   5.5263e+04
2.3000e+00   4.0094e-05   5.7365e+04
2.2500e+00   3.9728e-05   5.6635e+04
2.2000e+00   3.8060e-05   5.7803e+04
2.1500e+00   3.6346e-05   5.9154e+04
2.1000e+00   3.4076e-05   6.1627e+04
2.0500e+00   3.1470e-05   6.5141e+04
2.0000e+00   3.0550e-05   6.5466e+04
1.9500e+00   2.9258e-05   6.6648e+04
1.9000e+00   2.7056e-05   7.0225e+04
1.8500e+00   2.3240e-05   7.9604e+04
1.8000e+00   2.1808e-05   8.2539e+04
1.7500e+00   1.9768e-05   8.8527e+04
1.7000e+00   1.8584e-05   9.1477e+04
1.6500e+00   1.6644e-05   9.9135e+04
1.6000e+00   1.5696e-05   1.0194e+05
1.5500e+00   1.4756e-05   1.0504e+05
1.5000e+00   1.3082e-05   1.1466e+05
1.4500e+00   1.1894e-05   1.2191e+05
1.4000e+00   1.0622e-05   1.3180e+05
1.3500e+00   9.0368e-06   1.4939e+05
1.3000e+00   8.5340e-06   1.5233e+05
1.2500e+00   7.5877e-06   1.6474e+05
1.2000e+00   6.5937e-06   1.8199e+05
1.1500e+00   6.2182e-06   1.8494e+05
1.1000e+00   5.4077e-06   2.0341e+05
1.0500e+00   4.7172e-06   2.2259e+05
1.0000e+00   4.4144e-06   2.2653e+05
9.5000e-01   3.7567e-06   2.5288e+05
9.0000e-01   2.9194e-06   3.0828e+05
8.5000e-01   2.7978e-06   3.0381e+05
8.0000e-01   2.3238e-06   3.4426e+05
7.5000e-01   1.9006e-06   3.9461e+05
7.0000e-01   1.7497e-06   4.0007e+05
6.5000e-01   1.4109e-06   4.6070e+05
6.0000e-01   1.2568e-06   4.7740e+05
5.5000e-01   9.0580e-07   6.0720e+05
5.0000e-01   7.0186e-07   7.1239e+05
4.5000e-01   6.0604e-07   7.4253e+05
4.0000e-01   5.2968e-07   7.5517e+05
3.5000e-01   4.6954e-07   7.4541e+05
3.0000e-01   3.4406e-07   8.7194e+05
2.5000e-01   2.9694e-07   8.4192e+05
2.0000e-01   2.2342e-07   8.9518e+05
1.5000e-01   1.7536e-07   8.5538e+05
1.0000e-01   1.1386e-07   8.7827e+05
5.0000e-02   8.1148e-08   6.1616e+05
0.0000e+00   -2.1251e-10   -0.0000e+00
