  Measurement Number     Measurement type
                   1                DC IV

      Measurement ID             SeriesID
       739844.515642                    0

         MeasureMode                Bias1                Bias2
                   2                    3                   -3

                Step  Positive compliance  Negative compliance
                0.05                 0.01                 0.01

  RealMeasuredPoints
                 244

        Bias        Current     Resistance
0.0000e+00   1.8680e-11   0.0000e+00
5.0000e-02   3.6900e-12   1.3550e+10
1.0000e-01   -1.9120e-11   -5.2301e+09
1.5000e-01   -1.1660e-11   -1.2864e+10
2.0000e-01   2.5300e-11   7.9051e+09
2.5000e-01   1.6170e-11   1.5461e+10
3.0000e-01   -4.5300e-12   -6.6225e+10
3.5000e-01   -1.1930e-11   -2.9338e+10
4.0000e-01   1.8510e-11   2.1610e+10
4.5000e-01   4.3680e-11   1.0302e+10
5.0000e-01   2.5720e-11   1.9440e+10
5.5000e-01   1.6530e-11   3.3273e+10
6.0000e-01   1.6320e-11   3.6765e+10
6.5000e-01   4.4840e-11   1.4496e+10
7.0000e-01   6.1430e-11   1.1395e+10
7.5000e-01   2.8710e-11   2.6123e+10
8.0000e-01   4.6470e-11   1.7215e+10
8.5000e-01   7.5320e-11   1.1285e+10
9.0000e-01   8.9940e-11   1.0007e+10
9.5000e-01   6.5510e-11   1.4502e+10
1.0000e+00   7.3010e-11   1.3697e+10
1.0500e+00   1.1684e-10   8.9866e+09
1.1000e+00   1.1534e-10   9.5370e+09
1.1500e+00   1.2547e-10   9.1655e+09
1.2000e+00   1.2141e-10   9.8839e+09
1.2500e+00   1.9251e-10   6.4932e+09
1.3000e+00   2.3331e-10   5.5720e+09
1.3500e+00   2.4302e-10   5.5551e+09
1.4000e+00   3.0521e-10   4.5870e+09
1.4500e+00   3.6120e-10   4.0144e+09
1.5000e+00   4.1961e-10   3.5747e+09
1.5500e+00   4.7312e-08   3.2761e+07
1.6000e+00   2.4691e-08   6.4802e+07
1.6500e+00   3.6733e-08   4.4918e+07
1.7000e+00   4.1087e-08   4.1376e+07
1.7500e+00   5.6421e-08   3.1017e+07
1.8000e+00   7.7979e-08   2.3083e+07
1.8500e+00   1.3292e-07   1.3918e+07
1.9000e+00   1.2762e-07   1.4888e+07
1.9500e+00   2.6394e-07   7.3880e+06
2.0000e+00   1.1146e-07   1.7944e+07
2.0500e+00   4.4928e-07   4.5629e+06
2.1000e+00   2.3686e-07   8.8660e+06
2.1500e+00   2.1300e-07   1.0094e+07
2.2000e+00   1.1830e-07   1.8597e+07
2.2500e+00   2.1116e-07   1.0655e+07
2.3000e+00   3.0568e-07   7.5242e+06
2.3500e+00   1.3513e-06   1.7391e+06
2.4000e+00   1.1553e-06   2.0774e+06
2.4500e+00   1.4255e-06   1.7187e+06
2.5000e+00   2.8286e-06   8.8383e+05
2.5500e+00   4.4631e-06   5.7135e+05
2.6000e+00   1.6108e-05   1.6141e+05
2.6500e+00   2.5104e-05   1.0556e+05
2.7000e+00   2.6806e-05   1.0072e+05
2.7500e+00   4.0154e-05   6.8486e+04
2.8000e+00   4.2306e-05   6.6184e+04
2.8500e+00   4.5488e-05   6.2654e+04
2.9000e+00   5.4754e-05   5.2964e+04
2.9500e+00   8.6952e-05   3.3927e+04
3.0000e+00   8.9960e-05   3.3348e+04
3.0000e+00   9.8098e-05   3.0582e+04
2.9500e+00   1.3024e-04   2.2650e+04
2.9000e+00   1.3506e-04   2.1472e+04
2.8500e+00   1.3562e-04   2.1015e+04
2.8000e+00   1.4160e-04   1.9774e+04
2.7500e+00   1.3534e-04   2.0319e+04
2.7000e+00   1.3148e-04   2.0535e+04
2.6500e+00   1.4676e-04   1.8057e+04
2.6000e+00   1.2900e-04   2.0155e+04
2.5500e+00   1.4274e-04   1.7865e+04
2.5000e+00   1.5044e-04   1.6618e+04
2.4500e+00   1.5810e-04   1.5497e+04
2.4000e+00   1.5156e-04   1.5835e+04
2.3500e+00   1.5388e-04   1.5272e+04
2.3000e+00   1.6786e-04   1.3702e+04
2.2500e+00   1.4550e-04   1.5464e+04
2.2000e+00   1.5444e-04   1.4245e+04
2.1500e+00   1.4764e-04   1.4562e+04
2.1000e+00   1.3636e-04   1.5400e+04
2.0500e+00   1.3740e-04   1.4920e+04
2.0000e+00   1.2504e-04   1.5995e+04
1.9500e+00   1.1970e-04   1.6291e+04
1.9000e+00   1.0686e-04   1.7780e+04
1.8500e+00   8.8500e-05   2.0904e+04
1.8000e+00   8.6564e-05   2.0794e+04
1.7500e+00   7.0212e-05   2.4925e+04
1.7000e+00   6.6780e-05   2.5457e+04
1.6500e+00   6.1578e-05   2.6795e+04
1.6000e+00   4.4520e-05   3.5939e+04
1.5500e+00   4.5718e-05   3.3903e+04
1.5000e+00   3.8592e-05   3.8868e+04
1.4500e+00   4.0612e-05   3.5704e+04
1.4000e+00   4.1660e-05   3.3605e+04
1.3500e+00   3.4316e-05   3.9340e+04
1.3000e+00   4.4480e-05   2.9227e+04
1.2500e+00   3.4488e-05   3.6244e+04
1.2000e+00   3.0130e-05   3.9827e+04
1.1500e+00   2.8604e-05   4.0204e+04
1.1000e+00   2.3982e-05   4.5868e+04
1.0500e+00   2.0892e-05   5.0258e+04
1.0000e+00   1.8766e-05   5.3288e+04
9.5000e-01   2.0898e-05   4.5459e+04
9.0000e-01   1.5880e-05   5.6675e+04
8.5000e-01   1.4342e-05   5.9266e+04
8.0000e-01   1.2282e-05   6.5136e+04
7.5000e-01   1.0784e-05   6.9547e+04
7.0000e-01   1.0060e-05   6.9583e+04
6.5000e-01   8.1068e-06   8.0180e+04
6.0000e-01   7.4455e-06   8.0586e+04
5.5000e-01   6.5094e-06   8.4493e+04
5.0000e-01   6.2070e-06   8.0554e+04
4.5000e-01   4.5479e-06   9.8947e+04
4.0000e-01   4.2812e-06   9.3432e+04
3.5000e-01   3.8038e-06   9.2013e+04
3.0000e-01   3.4303e-06   8.7456e+04
2.5000e-01   2.9778e-06   8.3955e+04
2.0000e-01   2.8848e-06   6.9329e+04
1.5000e-01   1.9696e-06   7.6158e+04
1.0000e-01   1.4117e-06   7.0837e+04
5.0000e-02   7.0504e-07   7.0918e+04
0.0000e+00   3.2156e-09   0.0000e+00
0.0000e+00   2.0751e-08   0.0000e+00
-5.0000e-02   -3.5876e-06   1.3937e+04
-1.0000e-01   -7.4702e-06   1.3387e+04
-1.5000e-01   -7.0958e-05   2.1139e+03
-2.0000e-01   -9.8756e-05   2.0252e+03
-2.5000e-01   -2.8690e-04   8.7138e+02
-3.0000e-01   -3.8384e-04   7.8158e+02
-3.5000e-01   -5.2938e-04   6.6115e+02
-4.0000e-01   -6.9284e-04   5.7733e+02
-4.5000e-01   -1.0185e-03   4.4181e+02
-5.0000e-01   -1.2862e-03   3.8874e+02
-5.5000e-01   -1.4340e-03   3.8354e+02
-6.0000e-01   -1.5862e-03   3.7826e+02
-6.5000e-01   -1.7638e-03   3.6852e+02
-7.0000e-01   -1.9682e-03   3.5565e+02
-7.5000e-01   -2.1640e-03   3.4658e+02
-8.0000e-01   -2.3992e-03   3.3344e+02
-8.5000e-01   -2.5738e-03   3.3025e+02
-9.0000e-01   -2.7842e-03   3.2325e+02
-9.5000e-01   -2.9942e-03   3.1728e+02
-1.0000e+00   -3.2030e-03   3.1221e+02
-1.0500e+00   -3.3666e-03   3.1189e+02
-1.1000e+00   -3.5374e-03   3.1096e+02
-1.1500e+00   -3.7338e-03   3.0800e+02
-1.2000e+00   -3.9178e-03   3.0629e+02
-1.2500e+00   -4.1116e-03   3.0402e+02
-1.3000e+00   -4.2980e-03   3.0247e+02
-1.3500e+00   -4.4872e-03   3.0086e+02
-1.4000e+00   -4.6790e-03   2.9921e+02
-1.4500e+00   -4.8858e-03   2.9678e+02
-1.5000e+00   -5.0840e-03   2.9504e+02
-1.5500e+00   -5.2442e-03   2.9556e+02
-1.6000e+00   -5.2848e-03   3.0276e+02
-1.6500e+00   -5.3290e-03   3.0963e+02
-1.7000e+00   -5.3998e-03   3.1483e+02
-1.7500e+00   -5.4668e-03   3.2011e+02
-1.8000e+00   -5.5428e-03   3.2475e+02
-1.8500e+00   -5.7248e-03   3.2316e+02
-1.9000e+00   -5.4768e-03   3.4692e+02
-1.9500e+00   -4.2636e-03   4.5736e+02
-2.0000e+00   -2.5848e-03   7.7375e+02
-2.0500e+00   -2.4892e-03   8.2356e+02
-2.1000e+00   -2.5646e-03   8.1884e+02
-2.1500e+00   -2.7178e-03   7.9108e+02
-2.2000e+00   -2.9620e-03   7.4274e+02
-2.2500e+00   -3.0054e-03   7.4865e+02
-2.3000e+00   -3.1578e-03   7.2836e+02
-2.3500e+00   -3.3440e-03   7.0275e+02
-2.4000e+00   -3.5538e-03   6.7533e+02
-2.4500e+00   -3.7552e-03   6.5243e+02
-2.5000e+00   -3.9886e-03   6.2679e+02
-2.5500e+00   -4.1186e-03   6.1914e+02
-2.6000e+00   -4.1690e-03   6.2365e+02
-2.6500e+00   -4.5200e-03   5.8628e+02
-2.7000e+00   -4.6902e-03   5.7567e+02
-2.7500e+00   -4.9072e-03   5.6040e+02
-2.8000e+00   -5.0954e-03   5.4952e+02
-2.8500e+00   -5.4602e-03   5.2196e+02
-2.9000e+00   -5.6726e-03   5.1123e+02
-2.9500e+00   -5.8224e-03   5.0666e+02
-3.0000e+00   -6.0296e-03   4.9755e+02
-3.0000e+00   -6.0234e-03   4.9806e+02
-2.9500e+00   -5.8424e-03   5.0493e+02
-2.9000e+00   -5.6594e-03   5.1242e+02
-2.8500e+00   -5.5052e-03   5.1769e+02
-2.8000e+00   -5.3154e-03   5.2677e+02
-2.7500e+00   -5.1576e-03   5.3319e+02
-2.7000e+00   -4.9966e-03   5.4037e+02
-2.6500e+00   -4.8474e-03   5.4668e+02
-2.6000e+00   -4.6842e-03   5.5506e+02
-2.5500e+00   -4.5288e-03   5.6306e+02
-2.5000e+00   -4.3674e-03   5.7242e+02
-2.4500e+00   -4.2032e-03   5.8289e+02
-2.4000e+00   -4.0582e-03   5.9140e+02
-2.3500e+00   -3.9140e-03   6.0041e+02
-2.3000e+00   -3.7596e-03   6.1177e+02
-2.2500e+00   -3.6120e-03   6.2292e+02
-2.2000e+00   -3.4630e-03   6.3529e+02
-2.1500e+00   -3.3276e-03   6.4611e+02
-2.1000e+00   -3.1790e-03   6.6059e+02
-2.0500e+00   -3.0456e-03   6.7310e+02
-2.0000e+00   -2.9012e-03   6.8937e+02
-1.9500e+00   -2.7634e-03   7.0565e+02
-1.9000e+00   -2.6300e-03   7.2243e+02
-1.8500e+00   -2.5022e-03   7.3935e+02
-1.8000e+00   -2.3710e-03   7.5917e+02
-1.7500e+00   -2.2406e-03   7.8104e+02
-1.7000e+00   -2.1200e-03   8.0189e+02
-1.6500e+00   -1.9944e-03   8.2732e+02
-1.6000e+00   -1.8684e-03   8.5635e+02
-1.5500e+00   -1.7518e-03   8.8480e+02
-1.5000e+00   -1.6380e-03   9.1575e+02
-1.4500e+00   -1.5274e-03   9.4933e+02
-1.4000e+00   -1.4172e-03   9.8786e+02
-1.3500e+00   -1.3116e-03   1.0293e+03
-1.3000e+00   -1.2102e-03   1.0742e+03
-1.2500e+00   -1.1076e-03   1.1286e+03
-1.2000e+00   -1.0142e-03   1.1832e+03
-1.1500e+00   -9.2354e-04   1.2452e+03
-1.1000e+00   -8.3652e-04   1.3150e+03
-1.0500e+00   -7.5382e-04   1.3929e+03
-1.0000e+00   -6.7676e-04   1.4776e+03
-9.5000e-01   -6.0362e-04   1.5738e+03
-9.0000e-01   -5.3620e-04   1.6785e+03
-8.5000e-01   -4.7400e-04   1.7932e+03
-8.0000e-01   -4.1620e-04   1.9222e+03
-7.5000e-01   -3.6422e-04   2.0592e+03
-7.0000e-01   -3.1650e-04   2.2117e+03
-6.5000e-01   -2.7294e-04   2.3815e+03
-6.0000e-01   -2.3376e-04   2.5667e+03
-5.5000e-01   -1.9818e-04   2.7753e+03
-5.0000e-01   -1.6638e-04   3.0052e+03
-4.5000e-01   -1.3828e-04   3.2543e+03
-4.0000e-01   -1.1300e-04   3.5398e+03
-3.5000e-01   -9.0956e-05   3.8480e+03
-3.0000e-01   -7.1360e-05   4.2040e+03
-2.5000e-01   -5.4440e-05   4.5922e+03
-2.0000e-01   -3.9918e-05   5.0103e+03
-1.5000e-01   -2.7464e-05   5.4617e+03
-1.0000e-01   -1.6848e-05   5.9354e+03
-5.0000e-02   -7.8172e-06   6.3962e+03
0.0000e+00   4.0249e-08   0.0000e+00
