  Measurement Number     Measurement type
                  14                DC IV

      Measurement ID             SeriesID
       739912.800727                    0

         MeasureMode                Bias1                Bias2
                   2                    2                   -1

                Step  Positive compliance  Negative compliance
                0.05                1e-06                1e-06

  RealMeasuredPoints
                 124

        Bias        Current     Resistance
0.0000e+00   7.3300e-12   0.0000e+00
5.0000e-02   8.5300e-12   5.8617e+09
1.0000e-01   -1.1390e-11   -8.7796e+09
1.5000e-01   2.1300e-12   7.0423e+10
2.0000e-01   -9.3500e-12   -2.1390e+10
2.5000e-01   7.5000e-13   3.3333e+11
3.0000e-01   5.9400e-12   5.0505e+10
3.5000e-01   -8.4000e-13   -4.1667e+11
4.0000e-01   -1.7000e-13   -2.3529e+12
4.5000e-01   1.8230e-11   2.4685e+10
5.0000e-01   3.5960e-11   1.3904e+10
5.5000e-01   1.3480e-10   4.0801e+09
6.0000e-01   3.6224e-09   1.6564e+08
6.5000e-01   1.0000e-06   6.4999e+05
7.0000e-01   1.0000e-06   6.9997e+05
7.5000e-01   1.0000e-06   7.4997e+05
8.0000e-01   1.0000e-06   8.0000e+05
8.5000e-01   1.0000e-06   8.5000e+05
9.0000e-01   1.0000e-06   9.0000e+05
9.5000e-01   1.0000e-06   9.4998e+05
1.0000e+00   9.9998e-07   1.0000e+06
1.0500e+00   1.0000e-06   1.0500e+06
1.1000e+00   1.0000e-06   1.1000e+06
1.1500e+00   1.0000e-06   1.1500e+06
1.2000e+00   1.0000e-06   1.2000e+06
1.2500e+00   1.0000e-06   1.2500e+06
1.3000e+00   1.0000e-06   1.3000e+06
1.3500e+00   1.0000e-06   1.3500e+06
1.4000e+00   1.0000e-06   1.4000e+06
1.4500e+00   1.0000e-06   1.4500e+06
1.5000e+00   1.0000e-06   1.5000e+06
1.5500e+00   1.0000e-06   1.5500e+06
1.6000e+00   1.0000e-06   1.6000e+06
1.6500e+00   1.0000e-06   1.6500e+06
1.7000e+00   1.0000e-06   1.7000e+06
1.7500e+00   1.0000e-06   1.7500e+06
1.8000e+00   1.0000e-06   1.8000e+06
1.8500e+00   1.0000e-06   1.8500e+06
1.9000e+00   1.0000e-06   1.9000e+06
1.9500e+00   1.0000e-06   1.9500e+06
2.0000e+00   1.0000e-06   2.0000e+06
2.0000e+00   1.0000e-06   2.0000e+06
1.9500e+00   1.0000e-06   1.9500e+06
1.9000e+00   1.0000e-06   1.9000e+06
1.8500e+00   1.0000e-06   1.8500e+06
1.8000e+00   1.0000e-06   1.8000e+06
1.7500e+00   1.0000e-06   1.7500e+06
1.7000e+00   1.0000e-06   1.7000e+06
1.6500e+00   1.0000e-06   1.6500e+06
1.6000e+00   1.0000e-06   1.6000e+06
1.5500e+00   1.0000e-06   1.5500e+06
1.5000e+00   1.0000e-06   1.5000e+06
1.4500e+00   1.0000e-06   1.4500e+06
1.4000e+00   1.0000e-06   1.4000e+06
1.3500e+00   1.0000e-06   1.3500e+06
1.3000e+00   1.0000e-06   1.3000e+06
1.2500e+00   1.0000e-06   1.2500e+06
1.2000e+00   1.0000e-06   1.2000e+06
1.1500e+00   1.0000e-06   1.1500e+06
1.1000e+00   1.0000e-06   1.1000e+06
1.0500e+00   1.0000e-06   1.0500e+06
1.0000e+00   1.0000e-06   9.9996e+05
9.5000e-01   1.0000e-06   9.5000e+05
9.0000e-01   1.0000e-06   8.9996e+05
8.5000e-01   1.0000e-06   8.4998e+05
8.0000e-01   1.0000e-06   7.9997e+05
7.5000e-01   1.0000e-06   7.5000e+05
7.0000e-01   9.9998e-07   7.0001e+05
6.5000e-01   1.0000e-06   6.4999e+05
6.0000e-01   1.0000e-06   5.9999e+05
5.5000e-01   1.0000e-06   5.4999e+05
5.0000e-01   1.0000e-06   4.9999e+05
4.5000e-01   1.0000e-06   4.5000e+05
4.0000e-01   1.0000e-06   4.0000e+05
3.5000e-01   1.0000e-06   3.5000e+05
3.0000e-01   1.0000e-06   3.0000e+05
2.5000e-01   1.0000e-06   2.5000e+05
2.0000e-01   1.0000e-06   2.0000e+05
1.5000e-01   1.0000e-06   1.5000e+05
1.0000e-01   1.0000e-06   1.0000e+05
5.0000e-02   4.2686e-07   1.1713e+05
0.0000e+00   9.9216e-09   0.0000e+00
0.0000e+00   4.8474e-09   0.0000e+00
-5.0000e-02   -2.2830e-07   2.1901e+05
-1.0000e-01   -4.4340e-07   2.2553e+05
-1.5000e-01   -7.8214e-07   1.9178e+05
-2.0000e-01   -1.0000e-06   2.0000e+05
-2.5000e-01   -1.0000e-06   2.5000e+05
-3.0000e-01   -1.0000e-06   3.0000e+05
-3.5000e-01   -1.0000e-06   3.4999e+05
-4.0000e-01   -1.0000e-06   4.0000e+05
-4.5000e-01   -9.9998e-07   4.5001e+05
-5.0000e-01   -1.0000e-06   5.0000e+05
-5.5000e-01   -1.0000e-06   5.5000e+05
-6.0000e-01   -1.0000e-06   6.0000e+05
-6.5000e-01   -1.0000e-06   6.5000e+05
-7.0000e-01   -1.0000e-06   7.0000e+05
-7.5000e-01   -1.0000e-06   7.5000e+05
-8.0000e-01   -1.0000e-06   8.0000e+05
-8.5000e-01   -1.0000e-06   8.4998e+05
-9.0000e-01   -1.0000e-06   9.0000e+05
-9.5000e-01   -1.0000e-06   9.4998e+05
-1.0000e+00   -1.0000e-06   1.0000e+06
-1.0000e+00   -1.0000e-06   1.0000e+06
-9.5000e-01   -1.0000e-06   9.5000e+05
-9.0000e-01   -1.0000e-06   9.0000e+05
-8.5000e-01   -1.0000e-06   8.5000e+05
-8.0000e-01   -9.9998e-07   8.0002e+05
-7.5000e-01   -1.0000e-06   7.5000e+05
-7.0000e-01   -1.0000e-06   6.9999e+05
-6.5000e-01   -1.0000e-06   6.5000e+05
-6.0000e-01   -1.0000e-06   6.0000e+05
-5.5000e-01   -1.0000e-06   5.5000e+05
-5.0000e-01   -1.0000e-06   5.0000e+05
-4.5000e-01   -1.0000e-06   4.5000e+05
-4.0000e-01   -1.0000e-06   4.0000e+05
-3.5000e-01   -1.0000e-06   3.5000e+05
-3.0000e-01   -1.0000e-06   2.9999e+05
-2.5000e-01   -9.9998e-07   2.5001e+05
-2.0000e-01   -1.0000e-06   2.0000e+05
-1.5000e-01   -1.0000e-06   1.5000e+05
-1.0000e-01   2.8600e-12   -3.4965e+10
-5.0000e-02   7.0400e-12   -7.1023e+09
0.0000e+00   4.8200e-12   0.0000e+00
