  Measurement Number     Measurement type
                  15                DC IV

      Measurement ID             SeriesID
       739912.800804                    0

         MeasureMode                Bias1                Bias2
                   2                    2                   -1

                Step  Positive compliance  Negative compliance
                0.05                1e-06                1e-06

  RealMeasuredPoints
                 124

        Bias        Current     Resistance
0.0000e+00   8.8000e-13   0.0000e+00
5.0000e-02   1.1810e-11   4.2337e+09
1.0000e-01   3.0000e-14   3.3333e+12
1.5000e-01   8.5900e-12   1.7462e+10
2.0000e-01   5.6600e-12   3.5336e+10
2.5000e-01   -4.5300e-12   -5.5188e+10
3.0000e-01   1.1300e-11   2.6549e+10
3.5000e-01   1.8900e-12   1.8519e+11
4.0000e-01   1.3900e-12   2.8777e+11
4.5000e-01   1.1030e-11   4.0798e+10
5.0000e-01   -2.5200e-12   -1.9841e+11
5.5000e-01   3.6200e-12   1.5193e+11
6.0000e-01   -7.1900e-12   -8.3449e+10
6.5000e-01   4.2900e-12   1.5152e+11
7.0000e-01   1.0000e-06   6.9999e+05
7.5000e-01   9.9998e-07   7.5002e+05
8.0000e-01   1.0000e-06   8.0000e+05
8.5000e-01   1.0000e-06   8.4998e+05
9.0000e-01   1.0000e-06   9.0000e+05
9.5000e-01   9.9998e-07   9.5002e+05
1.0000e+00   1.0000e-06   1.0000e+06
1.0500e+00   1.0000e-06   1.0500e+06
1.1000e+00   1.0000e-06   1.1000e+06
1.1500e+00   1.0000e-06   1.1500e+06
1.2000e+00   1.0000e-06   1.2000e+06
1.2500e+00   1.0000e-06   1.2500e+06
1.3000e+00   1.0000e-06   1.3000e+06
1.3500e+00   1.0000e-06   1.3500e+06
1.4000e+00   1.0000e-06   1.3999e+06
1.4500e+00   1.0000e-06   1.4499e+06
1.5000e+00   1.0000e-06   1.5000e+06
1.5500e+00   1.0000e-06   1.5500e+06
1.6000e+00   1.0000e-06   1.6000e+06
1.6500e+00   9.9998e-07   1.6500e+06
1.7000e+00   1.0000e-06   1.7000e+06
1.7500e+00   1.0000e-06   1.7500e+06
1.8000e+00   1.0000e-06   1.8000e+06
1.8500e+00   1.0000e-06   1.8500e+06
1.9000e+00   1.0000e-06   1.9000e+06
1.9500e+00   1.0000e-06   1.9500e+06
2.0000e+00   1.0000e-06   2.0000e+06
2.0000e+00   1.0000e-06   2.0000e+06
1.9500e+00   1.0000e-06   1.9500e+06
1.9000e+00   1.0000e-06   1.9000e+06
1.8500e+00   1.0000e-06   1.8500e+06
1.8000e+00   1.0000e-06   1.8000e+06
1.7500e+00   1.0000e-06   1.7500e+06
1.7000e+00   1.0000e-06   1.7000e+06
1.6500e+00   1.0000e-06   1.6500e+06
1.6000e+00   9.9998e-07   1.6000e+06
1.5500e+00   1.0000e-06   1.5500e+06
1.5000e+00   1.0001e-06   1.4999e+06
1.4500e+00   9.9988e-07   1.4502e+06
1.4000e+00   1.0000e-06   1.4000e+06
1.3500e+00   1.0000e-06   1.3500e+06
1.3000e+00   1.0000e-06   1.3000e+06
1.2500e+00   1.0000e-06   1.2500e+06
1.2000e+00   1.0000e-06   1.2000e+06
1.1500e+00   1.0000e-06   1.1500e+06
1.1000e+00   1.0000e-06   1.1000e+06
1.0500e+00   1.0000e-06   1.0500e+06
1.0000e+00   1.0000e-06   9.9996e+05
9.5000e-01   1.0000e-06   9.5000e+05
9.0000e-01   1.0000e-06   9.0000e+05
8.5000e-01   1.0000e-06   8.5000e+05
8.0000e-01   1.0000e-06   8.0000e+05
7.5000e-01   1.0000e-06   7.5000e+05
7.0000e-01   1.0000e-06   6.9999e+05
6.5000e-01   1.0000e-06   6.5000e+05
6.0000e-01   1.0000e-06   5.9999e+05
5.5000e-01   1.0000e-06   5.5000e+05
5.0000e-01   1.0000e-06   5.0000e+05
4.5000e-01   1.0000e-06   4.4999e+05
4.0000e-01   9.9998e-07   4.0001e+05
3.5000e-01   1.0000e-06   3.4999e+05
3.0000e-01   1.0000e-06   3.0000e+05
2.5000e-01   9.9994e-07   2.5002e+05
2.0000e-01   9.9998e-07   2.0000e+05
1.5000e-01   -1.0700e-11   -1.4019e+10
1.0000e-01   -4.8500e-12   -2.0619e+10
5.0000e-02   1.2650e-11   3.9526e+09
0.0000e+00   1.3900e-12   0.0000e+00
0.0000e+00   -6.8600e-12   -0.0000e+00
-5.0000e-02   -7.4200e-12   6.7385e+09
-1.0000e-01   -1.1790e-11   8.4818e+09
-1.5000e-01   8.4900e-12   -1.7668e+10
-2.0000e-01   2.2700e-12   -8.8106e+10
-2.5000e-01   -3.5800e-12   6.9832e+10
-3.0000e-01   9.6500e-12   -3.1088e+10
-3.5000e-01   -3.0000e-14   1.1667e+13
-4.0000e-01   4.3200e-12   -9.2593e+10
-4.5000e-01   -5.6700e-12   7.9365e+10
-5.0000e-01   -6.2900e-12   7.9491e+10
-5.5000e-01   -5.2000e-13   1.0577e+12
-6.0000e-01   -7.7800e-12   7.7121e+10
-6.5000e-01   1.5300e-12   -4.2484e+11
-7.0000e-01   -8.1500e-12   8.5890e+10
-7.5000e-01   -9.3486e-07   8.0226e+05
-8.0000e-01   -1.0000e-06   7.9998e+05
-8.5000e-01   -1.0000e-06   8.5000e+05
-9.0000e-01   -1.0000e-06   9.0000e+05
-9.5000e-01   -9.9996e-07   9.5004e+05
-1.0000e+00   -1.0000e-06   1.0000e+06
-1.0000e+00   -1.0000e-06   9.9998e+05
-9.5000e-01   -1.0000e-06   9.5000e+05
-9.0000e-01   -1.0000e-06   9.0000e+05
-8.5000e-01   -1.0000e-06   8.5000e+05
-8.0000e-01   -1.0000e-06   8.0000e+05
-7.5000e-01   -1.0000e-06   7.5000e+05
-7.0000e-01   -1.0000e-06   6.9999e+05
-6.5000e-01   -1.0000e-06   6.5000e+05
-6.0000e-01   -1.0000e-06   5.9999e+05
-5.5000e-01   -1.0000e-06   5.4999e+05
-5.0000e-01   -1.0000e-06   5.0000e+05
-4.5000e-01   -1.0000e-06   4.5000e+05
-4.0000e-01   -1.0000e-06   3.9999e+05
-3.5000e-01   -1.0000e-06   3.4999e+05
-3.0000e-01   -5.6500e-08   5.3097e+06
-2.5000e-01   1.1360e-11   -2.2007e+10
-2.0000e-01   8.2000e-12   -2.4390e+10
-1.5000e-01   -1.0890e-11   1.3774e+10
-1.0000e-01   5.8700e-12   -1.7036e+10
-5.0000e-02   -6.5300e-12   7.6570e+09
0.0000e+00   -2.4300e-12   -0.0000e+00
