  Measurement Number     Measurement type
                  26                DC IV

      Measurement ID             SeriesID
       739912.801880                   96

         MeasureMode                Bias1                Bias2
                   2                    2                   -1

                Step  Positive compliance  Negative compliance
                0.05                1e-06                1e-06

  RealMeasuredPoints
                 124

        Bias        Current     Resistance
0.0000e+00   4.4300e-12   0.0000e+00
5.0000e-02   -9.4000e-13   -5.3191e+10
1.0000e-01   -5.7000e-12   -1.7544e+10
1.5000e-01   9.1900e-12   1.6322e+10
2.0000e-01   5.6200e-12   3.5587e+10
2.5000e-01   6.4600e-12   3.8700e+10
3.0000e-01   6.6300e-12   4.5249e+10
3.5000e-01   -8.3400e-12   -4.1966e+10
4.0000e-01   5.5400e-12   7.2202e+10
4.5000e-01   1.0240e-11   4.3945e+10
5.0000e-01   -1.2000e-12   -4.1667e+11
5.5000e-01   -3.0900e-12   -1.7799e+11
6.0000e-01   -6.8200e-12   -8.7977e+10
6.5000e-01   1.0870e-11   5.9798e+10
7.0000e-01   5.7800e-12   1.2111e+11
7.5000e-01   3.6000e-12   2.0833e+11
8.0000e-01   1.3870e-11   5.7678e+10
8.5000e-01   3.9300e-12   2.1628e+11
9.0000e-01   -4.1000e-13   -2.1951e+12
9.5000e-01   3.3100e-12   2.8701e+11
1.0000e+00   8.9100e-12   1.1223e+11
1.0500e+00   1.6600e-11   6.3253e+10
1.1000e+00   1.0030e-11   1.0967e+11
1.1500e+00   8.5400e-11   1.3466e+10
1.2000e+00   4.8800e-12   2.4590e+11
1.2500e+00   1.7330e-11   7.2129e+10
1.3000e+00   1.1050e-09   1.1765e+09
1.3500e+00   4.5400e-09   2.9736e+08
1.4000e+00   2.8000e-10   5.0000e+09
1.4500e+00   9.9998e-07   1.4500e+06
1.5000e+00   9.9998e-07   1.5000e+06
1.5500e+00   1.0000e-06   1.5499e+06
1.6000e+00   1.0001e-06   1.5999e+06
1.6500e+00   9.9988e-07   1.6502e+06
1.7000e+00   1.0000e-06   1.7000e+06
1.7500e+00   1.0001e-06   1.7498e+06
1.8000e+00   1.0000e-06   1.8000e+06
1.8500e+00   1.0000e-06   1.8499e+06
1.9000e+00   1.0000e-06   1.9000e+06
1.9500e+00   1.0000e-06   1.9499e+06
2.0000e+00   1.0000e-06   2.0000e+06
2.0000e+00   9.9994e-07   2.0001e+06
1.9500e+00   9.9998e-07   1.9500e+06
1.9000e+00   1.0000e-06   1.8999e+06
1.8500e+00   1.0000e-06   1.8500e+06
1.8000e+00   1.0001e-06   1.7999e+06
1.7500e+00   1.0001e-06   1.7499e+06
1.7000e+00   1.0000e-06   1.6999e+06
1.6500e+00   1.0000e-06   1.6500e+06
1.6000e+00   1.0000e-06   1.6000e+06
1.5500e+00   1.0000e-06   1.5500e+06
1.5000e+00   9.9992e-07   1.5001e+06
1.4500e+00   1.0001e-06   1.4499e+06
1.4000e+00   1.0000e-06   1.4000e+06
1.3500e+00   9.9998e-07   1.3500e+06
1.3000e+00   9.9998e-07   1.3000e+06
1.2500e+00   9.9994e-07   1.2501e+06
1.2000e+00   1.0000e-06   1.2000e+06
1.1500e+00   9.9990e-07   1.1501e+06
1.1000e+00   9.9998e-07   1.1000e+06
1.0500e+00   1.0000e-06   1.0500e+06
1.0000e+00   1.0000e-06   9.9996e+05
9.5000e-01   1.0000e-06   9.4998e+05
9.0000e-01   1.0000e-06   8.9998e+05
8.5000e-01   1.0000e-06   8.5000e+05
8.0000e-01   1.0000e-06   8.0000e+05
7.5000e-01   1.0000e-06   7.5000e+05
7.0000e-01   1.0000e-06   7.0000e+05
6.5000e-01   1.0000e-06   6.5000e+05
6.0000e-01   1.0000e-06   6.0000e+05
5.5000e-01   1.0000e-06   5.4999e+05
5.0000e-01   1.0000e-06   4.9998e+05
4.5000e-01   1.0000e-06   4.4999e+05
4.0000e-01   1.0000e-06   3.9999e+05
3.5000e-01   1.0000e-06   3.4999e+05
3.0000e-01   1.0000e-06   3.0000e+05
2.5000e-01   1.0000e-06   2.5000e+05
2.0000e-01   8.3170e-07   2.4047e+05
1.5000e-01   4.7016e-07   3.1904e+05
1.0000e-01   -3.2500e-12   -3.0769e+10
5.0000e-02   -1.7980e-11   -2.7809e+09
0.0000e+00   -4.0200e-12   -0.0000e+00
0.0000e+00   1.3000e-13   0.0000e+00
-5.0000e-02   -1.0460e-11   4.7801e+09
-1.0000e-01   3.6600e-12   -2.7322e+10
-1.5000e-01   -1.8000e-13   8.3333e+11
-2.0000e-01   -1.6460e-11   1.2151e+10
-2.5000e-01   -2.4600e-12   1.0163e+11
-3.0000e-01   -1.6120e-11   1.8610e+10
-3.5000e-01   -8.6000e-13   4.0698e+11
-4.0000e-01   -2.9400e-12   1.3605e+11
-4.5000e-01   -1.3100e-11   3.4351e+10
-5.0000e-01   9.4400e-12   -5.2966e+10
-5.5000e-01   -8.0000e-14   6.8750e+12
-6.0000e-01   -1.0680e-11   5.6180e+10
-6.5000e-01   1.3800e-12   -4.7101e+11
-7.0000e-01   -5.3100e-12   1.3183e+11
-7.5000e-01   4.1500e-12   -1.8072e+11
-8.0000e-01   -4.1400e-12   1.9324e+11
-8.5000e-01   -9.4400e-12   9.0042e+10
-9.0000e-01   -1.4590e-11   6.1686e+10
-9.5000e-01   -1.8610e-11   5.1048e+10
-1.0000e+00   1.2000e-13   -8.3333e+12
-1.0000e+00   -1.9570e-11   5.1099e+10
-9.5000e-01   1.2800e-12   -7.4219e+11
-9.0000e-01   -1.7100e-12   5.2632e+11
-8.5000e-01   1.1060e-11   -7.6854e+10
-8.0000e-01   5.5000e-13   -1.4545e+12
-7.5000e-01   -1.7100e-12   4.3860e+11
-7.0000e-01   4.6400e-12   -1.5086e+11
-6.5000e-01   1.0500e-12   -6.1905e+11
-6.0000e-01   1.6700e-12   -3.5928e+11
-5.5000e-01   4.0400e-12   -1.3614e+11
-5.0000e-01   3.9200e-12   -1.2755e+11
-4.5000e-01   3.8300e-12   -1.1749e+11
-4.0000e-01   -6.1900e-12   6.4620e+10
-3.5000e-01   1.4610e-11   -2.3956e+10
-3.0000e-01   1.0480e-11   -2.8626e+10
-2.5000e-01   -1.1660e-11   2.1441e+10
-2.0000e-01   -4.2400e-12   4.7170e+10
-1.5000e-01   -2.0100e-12   7.4627e+10
-1.0000e-01   5.7000e-13   -1.7544e+11
-5.0000e-02   1.1770e-11   -4.2481e+09
0.0000e+00   4.7400e-12   0.0000e+00
