  Measurement Number     Measurement type
                  39                DC IV

      Measurement ID             SeriesID
       739912.802951                   97

         MeasureMode                Bias1                Bias2
                   2                    2                   -1

                Step  Positive compliance  Negative compliance
                0.05                1e-06                1e-06

  RealMeasuredPoints
                 124

        Bias        Current     Resistance
0.0000e+00   3.2200e-12   0.0000e+00
5.0000e-02   8.4100e-12   5.9453e+09
1.0000e-01   3.8800e-12   2.5773e+10
1.5000e-01   7.3000e-13   2.0548e+11
2.0000e-01   1.4530e-11   1.3765e+10
2.5000e-01   7.1300e-12   3.5063e+10
3.0000e-01   1.5930e-11   1.8832e+10
3.5000e-01   1.4000e-12   2.5000e+11
4.0000e-01   2.5000e-12   1.6000e+11
4.5000e-01   -5.3000e-13   -8.4906e+11
5.0000e-01   -7.1500e-12   -6.9930e+10
5.5000e-01   1.2230e-11   4.4971e+10
6.0000e-01   6.0200e-12   9.9668e+10
6.5000e-01   -5.2500e-12   -1.2381e+11
7.0000e-01   8.5700e-12   8.1680e+10
7.5000e-01   -6.9500e-12   -1.0791e+11
8.0000e-01   6.4100e-12   1.2480e+11
8.5000e-01   1.0450e-11   8.1340e+10
9.0000e-01   1.0000e-06   9.0000e+05
9.5000e-01   1.0000e-06   9.4998e+05
1.0000e+00   9.9998e-07   1.0000e+06
1.0500e+00   9.9998e-07   1.0500e+06
1.1000e+00   1.0000e-06   1.1000e+06
1.1500e+00   9.9998e-07   1.1500e+06
1.2000e+00   1.0000e-06   1.2000e+06
1.2500e+00   1.0000e-06   1.2500e+06
1.3000e+00   1.0000e-06   1.3000e+06
1.3500e+00   1.0000e-06   1.3499e+06
1.4000e+00   1.0000e-06   1.4000e+06
1.4500e+00   1.0000e-06   1.4499e+06
1.5000e+00   1.0000e-06   1.4999e+06
1.5500e+00   1.0000e-06   1.5500e+06
1.6000e+00   1.0000e-06   1.6000e+06
1.6500e+00   1.0000e-06   1.6500e+06
1.7000e+00   9.9998e-07   1.7000e+06
1.7500e+00   1.0000e-06   1.7500e+06
1.8000e+00   1.0000e-06   1.8000e+06
1.8500e+00   1.0000e-06   1.8500e+06
1.9000e+00   1.0000e-06   1.9000e+06
1.9500e+00   1.0000e-06   1.9500e+06
2.0000e+00   1.0000e-06   2.0000e+06
2.0000e+00   1.0000e-06   2.0000e+06
1.9500e+00   9.9998e-07   1.9500e+06
1.9000e+00   1.0000e-06   1.8999e+06
1.8500e+00   9.9998e-07   1.8500e+06
1.8000e+00   1.0000e-06   1.8000e+06
1.7500e+00   1.0000e-06   1.7500e+06
1.7000e+00   1.0000e-06   1.7000e+06
1.6500e+00   1.0000e-06   1.6500e+06
1.6000e+00   1.0000e-06   1.6000e+06
1.5500e+00   1.0000e-06   1.5499e+06
1.5000e+00   9.9998e-07   1.5000e+06
1.4500e+00   9.9998e-07   1.4500e+06
1.4000e+00   1.0000e-06   1.4000e+06
1.3500e+00   9.9998e-07   1.3500e+06
1.3000e+00   1.0000e-06   1.3000e+06
1.2500e+00   1.0000e-06   1.2500e+06
1.2000e+00   1.0000e-06   1.2000e+06
1.1500e+00   1.0000e-06   1.1500e+06
1.1000e+00   1.0000e-06   1.1000e+06
1.0500e+00   1.0000e-06   1.0500e+06
1.0000e+00   1.0000e-06   9.9998e+05
9.5000e-01   1.0000e-06   9.4998e+05
9.0000e-01   1.0000e-06   8.9998e+05
8.5000e-01   1.0000e-06   8.5000e+05
8.0000e-01   1.0000e-06   8.0000e+05
7.5000e-01   1.0000e-06   7.5000e+05
7.0000e-01   1.0000e-06   6.9999e+05
6.5000e-01   1.0000e-06   6.5000e+05
6.0000e-01   1.0000e-06   6.0000e+05
5.5000e-01   1.0000e-06   5.5000e+05
5.0000e-01   1.0000e-06   5.0000e+05
4.5000e-01   1.0000e-06   4.4998e+05
4.0000e-01   1.0000e-06   3.9999e+05
3.5000e-01   1.0000e-06   3.5000e+05
3.0000e-01   1.0000e-06   2.9999e+05
2.5000e-01   1.0000e-06   2.5000e+05
2.0000e-01   1.0000e-06   1.9999e+05
1.5000e-01   8.5536e-07   1.7536e+05
1.0000e-01   5.2124e-07   1.9185e+05
5.0000e-02   9.9720e-08   5.0140e+05
0.0000e+00   -1.4400e-12   -0.0000e+00
0.0000e+00   1.0310e-11   0.0000e+00
-5.0000e-02   -1.3740e-11   3.6390e+09
-1.0000e-01   -4.1800e-12   2.3923e+10
-1.5000e-01   1.9500e-12   -7.6923e+10
-2.0000e-01   5.7000e-13   -3.5088e+11
-2.5000e-01   3.9800e-12   -6.2814e+10
-3.0000e-01   -1.3930e-11   2.1536e+10
-3.5000e-01   -5.8400e-12   5.9932e+10
-4.0000e-01   -4.2038e-07   9.5152e+05
-4.5000e-01   -1.0000e-06   4.5000e+05
-5.0000e-01   -1.0001e-06   4.9996e+05
-5.5000e-01   -1.0000e-06   5.5000e+05
-6.0000e-01   -1.0000e-06   6.0000e+05
-6.5000e-01   -1.0000e-06   6.5000e+05
-7.0000e-01   -1.0000e-06   7.0000e+05
-7.5000e-01   -9.9998e-07   7.5002e+05
-8.0000e-01   -9.9990e-07   8.0008e+05
-8.5000e-01   -1.0000e-06   8.5000e+05
-9.0000e-01   -1.0000e-06   9.0000e+05
-9.5000e-01   -1.0000e-06   9.5000e+05
-1.0000e+00   -1.0000e-06   1.0000e+06
-1.0000e+00   -9.9998e-07   1.0000e+06
-9.5000e-01   -1.0000e-06   9.5000e+05
-9.0000e-01   -1.0000e-06   9.0000e+05
-8.5000e-01   -9.9986e-07   8.5012e+05
-8.0000e-01   -1.0000e-06   7.9998e+05
-7.5000e-01   -1.0000e-06   7.5000e+05
-7.0000e-01   -1.0000e-06   7.0000e+05
-6.5000e-01   -1.0000e-06   6.5000e+05
-6.0000e-01   -9.9998e-07   6.0001e+05
-5.5000e-01   -1.0001e-06   5.4997e+05
-5.0000e-01   -9.9792e-07   5.0104e+05
-4.5000e-01   -9.9998e-07   4.5001e+05
-4.0000e-01   -1.0000e-06   4.0000e+05
-3.5000e-01   -1.0000e-06   3.5000e+05
-3.0000e-01   -1.0000e-06   2.9999e+05
-2.5000e-01   -1.0000e-06   2.5000e+05
-2.0000e-01   -1.0000e-06   2.0000e+05
-1.5000e-01   -1.0000e-06   1.5000e+05
-1.0000e-01   -7.4930e-07   1.3346e+05
-5.0000e-02   3.1000e-12   -1.6129e+10
0.0000e+00   9.7000e-12   0.0000e+00
