  Measurement Number     Measurement type
                  17                DC IV

      Measurement ID             SeriesID
       739704.756065                   92

         MeasureMode                Bias1                Bias2
                   2                    2                   -1

                Step  Positive compliance  Negative compliance
                0.05                1e-05                1e-06

  RealMeasuredPoints
                 124

        Bias        Current     Resistance
0.0000e+00   -1.0660e-11   -0.0000e+00
5.0000e-02   9.6500e-12   5.1813e+09
1.0000e-01   1.7420e-11   5.7405e+09
1.5000e-01   1.0960e-11   1.3686e+10
2.0000e-01   -1.1000e-13   -1.8182e+12
2.5000e-01   -9.0000e-13   -2.7778e+11
3.0000e-01   1.6940e-11   1.7710e+10
3.5000e-01   2.1340e-11   1.6401e+10
4.0000e-01   1.2000e-12   3.3333e+11
4.5000e-01   1.1050e-11   4.0724e+10
5.0000e-01   3.6330e-11   1.3763e+10
5.5000e-01   6.5410e-11   8.4085e+09
6.0000e-01   5.6072e-09   1.0701e+08
6.5000e-01   1.0125e-08   6.4199e+07
7.0000e-01   1.2729e-08   5.4993e+07
7.5000e-01   1.8636e-08   4.0244e+07
8.0000e-01   2.7159e-08   2.9456e+07
8.5000e-01   6.4963e-08   1.3084e+07
9.0000e-01   1.2236e-07   7.3553e+06
9.5000e-01   1.4528e-07   6.5391e+06
1.0000e+00   1.8480e-07   5.4113e+06
1.0500e+00   2.2082e-07   4.7550e+06
1.1000e+00   2.8808e-07   3.8184e+06
1.1500e+00   3.0946e-07   3.7162e+06
1.2000e+00   9.8758e-07   1.2151e+06
1.2500e+00   1.0875e-06   1.1494e+06
1.3000e+00   1.3830e-06   9.3999e+05
1.3500e+00   4.3764e-06   3.0847e+05
1.4000e+00   9.9987e-06   1.4002e+05
1.4500e+00   9.9992e-06   1.4501e+05
1.5000e+00   1.0003e-05   1.4996e+05
1.5500e+00   9.9989e-06   1.5502e+05
1.6000e+00   9.9994e-06   1.6001e+05
1.6500e+00   9.9996e-06   1.6501e+05
1.7000e+00   1.0002e-05   1.6996e+05
1.7500e+00   9.9997e-06   1.7501e+05
1.8000e+00   1.0001e-05   1.7999e+05
1.8500e+00   1.0001e-05   1.8498e+05
1.9000e+00   1.0001e-05   1.8999e+05
1.9500e+00   9.9988e-06   1.9502e+05
2.0000e+00   1.0000e-05   1.9999e+05
2.0000e+00   1.0001e-05   1.9997e+05
1.9500e+00   1.0000e-05   1.9500e+05
1.9000e+00   1.0002e-05   1.8997e+05
1.8500e+00   1.0001e-05   1.8498e+05
1.8000e+00   1.0001e-05   1.7998e+05
1.7500e+00   1.0002e-05   1.7497e+05
1.7000e+00   9.9991e-06   1.7002e+05
1.6500e+00   9.9998e-06   1.6500e+05
1.6000e+00   9.9986e-06   1.6002e+05
1.5500e+00   1.0001e-05   1.5499e+05
1.5000e+00   1.0001e-05   1.4998e+05
1.4500e+00   1.0002e-05   1.4497e+05
1.4000e+00   1.0001e-05   1.3998e+05
1.3500e+00   9.9986e-06   1.3502e+05
1.3000e+00   1.0001e-05   1.2998e+05
1.2500e+00   9.9996e-06   1.2501e+05
1.2000e+00   1.0000e-05   1.2000e+05
1.1500e+00   9.9993e-06   1.1501e+05
1.1000e+00   9.9999e-06   1.1000e+05
1.0500e+00   1.0001e-05   1.0499e+05
1.0000e+00   1.0001e-05   9.9990e+04
9.5000e-01   1.0000e-05   9.4997e+04
9.0000e-01   1.0002e-05   8.9983e+04
8.5000e-01   1.0001e-05   8.4994e+04
8.0000e-01   1.0000e-05   7.9998e+04
7.5000e-01   9.5709e-06   7.8363e+04
7.0000e-01   7.8587e-06   8.9073e+04
6.5000e-01   4.9007e-06   1.3263e+05
6.0000e-01   4.4464e-06   1.3494e+05
5.5000e-01   3.4482e-06   1.5950e+05
5.0000e-01   2.2826e-06   2.1905e+05
4.5000e-01   1.9305e-06   2.3310e+05
4.0000e-01   1.7157e-06   2.3314e+05
3.5000e-01   1.4489e-06   2.4156e+05
3.0000e-01   9.9850e-07   3.0045e+05
2.5000e-01   7.1458e-07   3.4986e+05
2.0000e-01   4.7804e-07   4.1838e+05
1.5000e-01   3.0396e-07   4.9349e+05
1.0000e-01   1.2048e-07   8.3001e+05
5.0000e-02   5.5217e-08   9.0552e+05
0.0000e+00   6.5000e-12   0.0000e+00
0.0000e+00   -9.2100e-12   -0.0000e+00
-5.0000e-02   4.5000e-13   -1.1111e+11
-1.0000e-01   1.0860e-11   -9.2081e+09
-1.5000e-01   -1.7900e-12   8.3799e+10
-2.0000e-01   -9.6300e-12   2.0768e+10
-2.5000e-01   -1.7380e-11   1.4384e+10
-3.0000e-01   -9.0600e-12   3.3113e+10
-3.5000e-01   1.2500e-12   -2.8000e+11
-4.0000e-01   -8.1200e-12   4.9261e+10
-4.5000e-01   -1.3470e-11   3.3408e+10
-5.0000e-01   -4.4520e-11   1.1231e+10
-5.5000e-01   -9.1860e-11   5.9874e+09
-6.0000e-01   -7.7780e-11   7.7141e+09
-6.5000e-01   -1.0000e-10   6.5000e+09
-7.0000e-01   -1.6325e-10   4.2879e+09
-7.5000e-01   -2.2676e-10   3.3075e+09
-8.0000e-01   -2.5710e-10   3.1116e+09
-8.5000e-01   -3.0464e-10   2.7902e+09
-9.0000e-01   -3.4700e-10   2.5937e+09
-9.5000e-01   -3.7710e-10   2.5192e+09
-1.0000e+00   -4.3068e-10   2.3219e+09
-1.0000e+00   -4.2456e-10   2.3554e+09
-9.5000e-01   -3.7347e-10   2.5437e+09
-9.0000e-01   -3.4319e-10   2.6225e+09
-8.5000e-01   -3.0103e-10   2.8236e+09
-8.0000e-01   -2.4603e-10   3.2516e+09
-7.5000e-01   -1.8796e-10   3.9902e+09
-7.0000e-01   -1.5520e-10   4.5103e+09
-6.5000e-01   -1.1568e-10   5.6189e+09
-6.0000e-01   -6.8650e-11   8.7400e+09
-5.5000e-01   -4.8190e-11   1.1413e+10
-5.0000e-01   -2.8730e-11   1.7403e+10
-4.5000e-01   -2.3570e-11   1.9092e+10
-4.0000e-01   -1.8210e-11   2.1966e+10
-3.5000e-01   4.0300e-12   -8.6849e+10
-3.0000e-01   9.0900e-12   -3.3003e+10
-2.5000e-01   -8.2600e-12   3.0266e+10
-2.0000e-01   -9.7900e-12   2.0429e+10
-1.5000e-01   7.4300e-12   -2.0188e+10
-1.0000e-01   1.3960e-11   -7.1633e+09
-5.0000e-02   5.9400e-12   -8.4175e+09
0.0000e+00   -1.2570e-11   -0.0000e+00
