  Measurement Number     Measurement type
                 118                DC IV

      Measurement ID             SeriesID
       739704.750998                   96

         MeasureMode                Bias1                Bias2
                   2                    2                   -1

                Step  Positive compliance  Negative compliance
                0.05                1e-05                1e-06

  RealMeasuredPoints
                 124

        Bias        Current     Resistance
0.0000e+00   1.7900e-12   0.0000e+00
5.0000e-02   -1.5900e-12   -3.1447e+10
1.0000e-01   -2.8000e-12   -3.5714e+10
1.5000e-01   1.4480e-11   1.0359e+10
2.0000e-01   2.2470e-11   8.9008e+09
2.5000e-01   6.3200e-12   3.9557e+10
3.0000e-01   2.3000e-13   1.3043e+12
3.5000e-01   2.5460e-11   1.3747e+10
4.0000e-01   4.4800e-11   8.9286e+09
4.5000e-01   4.6560e-11   9.6649e+09
5.0000e-01   4.7610e-11   1.0502e+10
5.5000e-01   7.1100e-11   7.7356e+09
6.0000e-01   8.2990e-11   7.2298e+09
6.5000e-01   1.0048e-10   6.4689e+09
7.0000e-01   4.0100e-07   1.7456e+06
7.5000e-01   4.4268e-07   1.6942e+06
8.0000e-01   5.3246e-07   1.5025e+06
8.5000e-01   5.6946e-07   1.4926e+06
9.0000e-01   8.0148e-07   1.1229e+06
9.5000e-01   8.1330e-07   1.1681e+06
1.0000e+00   8.9034e-07   1.1232e+06
1.0500e+00   1.7078e-06   6.1483e+05
1.1000e+00   2.0205e-06   5.4442e+05
1.1500e+00   2.0186e-06   5.6970e+05
1.2000e+00   1.3661e-06   8.7841e+05
1.2500e+00   1.6468e-06   7.5905e+05
1.3000e+00   1.7736e-06   7.3297e+05
1.3500e+00   2.2329e-06   6.0459e+05
1.4000e+00   2.8033e-06   4.9941e+05
1.4500e+00   1.0001e-05   1.4499e+05
1.5000e+00   9.9981e-06   1.5003e+05
1.5500e+00   9.9992e-06   1.5501e+05
1.6000e+00   9.9983e-06   1.6003e+05
1.6500e+00   1.0001e-05   1.6499e+05
1.7000e+00   9.9996e-06   1.7001e+05
1.7500e+00   9.9993e-06   1.7501e+05
1.8000e+00   1.0001e-05   1.7998e+05
1.8500e+00   9.9997e-06   1.8501e+05
1.9000e+00   9.9996e-06   1.9001e+05
1.9500e+00   9.9997e-06   1.9501e+05
2.0000e+00   1.0001e-05   1.9998e+05
2.0000e+00   1.0000e-05   2.0000e+05
1.9500e+00   9.9999e-06   1.9500e+05
1.9000e+00   9.9999e-06   1.9000e+05
1.8500e+00   1.0000e-05   1.8500e+05
1.8000e+00   9.9999e-06   1.8000e+05
1.7500e+00   9.9990e-06   1.7502e+05
1.7000e+00   1.0000e-05   1.6999e+05
1.6500e+00   9.9993e-06   1.6501e+05
1.6000e+00   9.9981e-06   1.6003e+05
1.5500e+00   1.0001e-05   1.5498e+05
1.5000e+00   1.0001e-05   1.4999e+05
1.4500e+00   9.9999e-06   1.4500e+05
1.4000e+00   1.0002e-05   1.3997e+05
1.3500e+00   1.0001e-05   1.3499e+05
1.3000e+00   9.9995e-06   1.3001e+05
1.2500e+00   9.9995e-06   1.2501e+05
1.2000e+00   1.0001e-05   1.1999e+05
1.1500e+00   1.0000e-05   1.1500e+05
1.1000e+00   1.0000e-05   1.1000e+05
1.0500e+00   9.9977e-06   1.0502e+05
1.0000e+00   1.0000e-05   9.9996e+04
9.5000e-01   9.9999e-06   9.5001e+04
9.0000e-01   9.9994e-06   9.0005e+04
8.5000e-01   1.0002e-05   8.4986e+04
8.0000e-01   1.0001e-05   7.9992e+04
7.5000e-01   9.9996e-06   7.5003e+04
7.0000e-01   1.0002e-05   6.9987e+04
6.5000e-01   1.0001e-05   6.4994e+04
6.0000e-01   1.0000e-05   5.9999e+04
5.5000e-01   1.0000e-05   5.4998e+04
5.0000e-01   9.9999e-06   5.0001e+04
4.5000e-01   9.9990e-06   4.5005e+04
4.0000e-01   9.6616e-06   4.1401e+04
3.5000e-01   7.1012e-06   4.9287e+04
3.0000e-01   4.9406e-06   6.0721e+04
2.5000e-01   4.2929e-06   5.8236e+04
2.0000e-01   2.1042e-06   9.5048e+04
1.5000e-01   -6.9700e-12   -2.1521e+10
1.0000e-01   -9.2400e-12   -1.0823e+10
5.0000e-02   5.3900e-12   9.2764e+09
0.0000e+00   5.7300e-12   0.0000e+00
0.0000e+00   1.0230e-11   0.0000e+00
-5.0000e-02   1.0550e-11   -4.7393e+09
-1.0000e-01   8.2100e-12   -1.2180e+10
-1.5000e-01   5.4100e-12   -2.7726e+10
-2.0000e-01   -1.8280e-11   1.0941e+10
-2.5000e-01   -1.7610e-11   1.4196e+10
-3.0000e-01   -2.3980e-11   1.2510e+10
-3.5000e-01   -2.2890e-11   1.5291e+10
-4.0000e-01   -3.1820e-11   1.2571e+10
-4.5000e-01   -6.8180e-11   6.6002e+09
-5.0000e-01   -8.4090e-11   5.9460e+09
-5.5000e-01   -9.1600e-11   6.0044e+09
-6.0000e-01   -1.0543e-10   5.6910e+09
-6.5000e-01   -1.1323e-10   5.7405e+09
-7.0000e-01   -1.4737e-10   4.7499e+09
-7.5000e-01   -1.8009e-10   4.1646e+09
-8.0000e-01   -1.9916e-10   4.0169e+09
-8.5000e-01   -2.5235e-10   3.3683e+09
-9.0000e-01   -2.6293e-10   3.4230e+09
-9.5000e-01   -3.1540e-10   3.0120e+09
-1.0000e+00   -3.5323e-10   2.8310e+09
-1.0000e+00   -3.8493e-10   2.5979e+09
-9.5000e-01   -3.1575e-10   3.0087e+09
-9.0000e-01   -2.5653e-10   3.5084e+09
-8.5000e-01   -2.1279e-10   3.9945e+09
-8.0000e-01   -1.8247e-10   4.3843e+09
-7.5000e-01   -1.7040e-10   4.4014e+09
-7.0000e-01   -1.5505e-10   4.5147e+09
-6.5000e-01   -1.1570e-10   5.6180e+09
-6.0000e-01   -8.3960e-11   7.1463e+09
-5.5000e-01   -6.2430e-11   8.8099e+09
-5.0000e-01   -7.0820e-11   7.0602e+09
-4.5000e-01   -6.1520e-11   7.3147e+09
-4.0000e-01   -4.2870e-11   9.3305e+09
-3.5000e-01   -2.4180e-11   1.4475e+10
-3.0000e-01   -6.0200e-12   4.9834e+10
-2.5000e-01   -7.2000e-12   3.4722e+10
-2.0000e-01   -1.5210e-11   1.3149e+10
-1.5000e-01   -9.0200e-12   1.6630e+10
-1.0000e-01   1.4500e-12   -6.8966e+10
-5.0000e-02   1.4310e-11   -3.4941e+09
0.0000e+00   9.1100e-12   0.0000e+00
