  Measurement Number     Measurement type
                  16               OnLine

      Measurement ID                     
       739913.630475                     

          Force Mode                Value         MeasureRange
             Current                    0         1.000000e-07

    Supply Complince     Integrating time     Refresh interval
        1.000000e-05                    0                    0

        Time      Voltage      Current  Temperature
1.2425e+00   1.0000e-02   -5.0000e-14             NA
1.4785e+00   1.0500e-02   -5.0000e-14             NA
1.6214e+00   1.0750e-02   -5.0000e-14             NA
1.7670e+00   1.1000e-02   -5.0000e-14             NA
1.9187e+00   1.1250e-02   -5.0000e-14             NA
2.0582e+00   1.1500e-02   -5.0000e-14             NA
2.2026e+00   1.1500e-02   -5.0000e-14             NA
2.3633e+00   1.1750e-02   -5.0000e-14             NA
2.6550e+00   1.2250e-02   -5.0000e-14             NA
2.7000e+00   1.2000e-02   -5.0000e-14             NA
2.9647e+00   1.2250e-02   -5.0000e-14             NA
3.0053e+00   1.2500e-02   -5.0000e-14             NA
3.1515e+00   1.2750e-02   -5.0000e-14             NA
3.4296e+00   1.2750e-02   -5.0000e-14             NA
3.5004e+00   1.3000e-02   -5.0000e-14             NA
3.6011e+00   1.3250e-02   -5.0000e-14             NA
3.8680e+00   1.3250e-02   -5.0000e-14             NA
4.0317e+00   1.3500e-02   -5.0000e-14             NA
4.1001e+00   1.3500e-02   -5.0000e-14             NA
4.3452e+00   1.3500e-02   -5.0000e-14             NA
4.5092e+00   1.3500e-02   -5.0000e-14             NA
4.7224e+00   1.3800e-02   -5.0000e-14             NA
4.8873e+00   1.3800e-02   -5.0000e-14             NA
5.0521e+00   1.4000e-02   -5.0000e-14             NA
5.0996e+00   1.4200e-02   -5.0000e-14             NA
5.3535e+00   1.4300e-02   -5.0000e-14             NA
5.5318e+00   1.4300e-02   -5.0000e-14             NA
5.6000e+00   1.4500e-02   -5.0000e-14             NA
5.8474e+00   1.4400e-02   -5.0000e-14             NA
6.0164e+00   1.4700e-02   -5.0000e-14             NA
6.1861e+00   1.4600e-02   -5.0000e-14             NA
6.3673e+00   1.4700e-02   -5.0000e-14             NA
6.5314e+00   1.4800e-02   -5.0000e-14             NA
6.6994e+00   1.5000e-02   -5.0000e-14             NA
6.8643e+00   1.4900e-02   -5.0000e-14             NA
7.0223e+00   1.5100e-02   -5.0000e-14             NA
7.1010e+00   1.5200e-02   -5.0000e-14             NA
7.3228e+00   1.5200e-02   -5.0000e-14             NA
7.4862e+00   1.5200e-02   -1.0000e-13             NA
7.5233e+00   1.5300e-02   -5.0000e-14             NA
7.8072e+00   1.5400e-02   -5.0000e-14             NA
7.9801e+00   1.5600e-02   -5.0000e-14             NA
8.1464e+00   1.5500e-02   -5.0000e-14             NA
8.3136e+00   1.5700e-02   -5.0000e-14             NA
8.4824e+00   1.5800e-02   -5.0000e-14             NA
8.6546e+00   1.5900e-02   -5.0000e-14             NA
8.8275e+00   1.5800e-02   -5.0000e-14             NA
8.9982e+00   1.6100e-02   -5.0000e-14             NA
9.1688e+00   1.5900e-02   -5.0000e-14             NA
9.2051e+00   1.6000e-02   -5.0000e-14             NA
9.4880e+00   1.6100e-02   -5.0000e-14             NA
9.6496e+00   1.6100e-02   -5.0000e-14             NA
9.8186e+00   1.6300e-02   -5.0000e-14             NA
9.9884e+00   1.6200e-02   -5.0000e-14             NA
1.0162e+01   1.6500e-02   -5.0000e-14             NA
1.0343e+01   1.6500e-02   -5.0000e-14             NA
1.0516e+01   1.6500e-02   -5.0000e-14             NA
1.0696e+01   1.6500e-02   -5.0000e-14             NA
1.0875e+01   1.6500e-02   -5.0000e-14             NA
1.1050e+01   1.6500e-02   -5.0000e-14             NA
1.1101e+01   1.6700e-02   -5.0000e-14             NA
1.1366e+01   1.6600e-02   -5.0000e-14             NA
1.1400e+01   1.6800e-02   -5.0000e-14             NA
1.1684e+01   1.6800e-02   -5.0000e-14             NA
1.1847e+01   1.6700e-02   -5.0000e-14             NA
1.2016e+01   1.6800e-02   -5.0000e-14             NA
1.2187e+01   1.6700e-02   -1.0000e-13             NA
1.2355e+01   1.6800e-02   -5.0000e-14             NA
1.2520e+01   1.7000e-02   -5.0000e-14             NA
1.2690e+01   1.6800e-02   -5.0000e-14             NA
1.2859e+01   1.7000e-02   -5.0000e-14             NA
1.3024e+01   1.7000e-02   -5.0000e-14             NA
1.3190e+01   1.6900e-02   -5.0000e-14             NA
1.3357e+01   1.7100e-02   -5.0000e-14             NA
1.3531e+01   1.7000e-02   -5.0000e-14             NA
1.3697e+01   1.7100e-02   -5.0000e-14             NA
1.3734e+01   1.7100e-02   -5.0000e-14             NA
1.3895e+01   1.7100e-02   -5.0000e-14             NA
1.4193e+01   1.7100e-02   -5.0000e-14             NA
1.4352e+01   1.7200e-02   -5.0000e-14             NA
1.4508e+01   1.7300e-02   -5.0000e-14             NA
1.4681e+01   1.7400e-02   -5.0000e-14             NA
1.4861e+01   1.7400e-02   -5.0000e-14             NA
1.4903e+01   1.7400e-02   -5.0000e-14             NA
1.5075e+01   1.7400e-02   -5.0000e-14             NA
1.5233e+01   1.7400e-02   -5.0000e-14             NA
1.5533e+01   1.7400e-02   -5.0000e-14             NA
1.5708e+01   1.7400e-02   -5.0000e-14             NA
1.5882e+01   1.7600e-02   -5.0000e-14             NA
1.6053e+01   1.7400e-02   -5.0000e-14             NA
1.6100e+01   1.7700e-02   -5.0000e-14             NA
1.6372e+01   1.7400e-02   -5.0000e-14             NA
1.6541e+01   1.7700e-02   -5.0000e-14             NA
1.6708e+01   1.7500e-02   -5.0000e-14             NA
1.6885e+01   1.7700e-02   -5.0000e-14             NA
1.7055e+01   1.7600e-02   -5.0000e-14             NA
1.7221e+01   1.7700e-02   -5.0000e-14             NA
1.7404e+01   1.7800e-02   -5.0000e-14             NA
1.7565e+01   1.7700e-02   -5.0000e-14             NA
1.7738e+01   1.7700e-02   -5.0000e-14             NA
1.7909e+01   1.7700e-02   -5.0000e-14             NA
1.8082e+01   1.7800e-02   -5.0000e-14             NA
1.8266e+01   1.7800e-02   -5.0000e-14             NA
2.0688e+01   2.1400e-02   -5.0000e-14             NA
2.0728e+01   2.1400e-02   -5.0000e-14             NA
2.1013e+01   2.1300e-02   -5.0000e-14             NA
2.1184e+01   2.1400e-02   -5.0000e-14             NA
2.1360e+01   2.1400e-02   -5.0000e-14             NA
2.1534e+01   2.1200e-02   -5.0000e-14             NA
2.1716e+01   2.1200e-02   -5.0000e-14             NA
2.1880e+01   2.1300e-02   -5.0000e-14             NA
2.2039e+01   2.1300e-02   -5.0000e-14             NA
2.2215e+01   2.1200e-02   -5.0000e-14             NA
2.2392e+01   2.1200e-02   -5.0000e-14             NA
2.2547e+01   2.1400e-02   -5.0000e-14             NA
2.2712e+01   2.1200e-02   -5.0000e-14             NA
2.2885e+01   2.1400e-02   -5.0000e-14             NA
2.3060e+01   2.1300e-02   -5.0000e-14             NA
2.3228e+01   2.1200e-02   -5.0000e-14             NA
2.3400e+01   2.1200e-02   -5.0000e-14             NA
2.3562e+01   2.1300e-02   -5.0000e-14             NA
2.3732e+01   2.1100e-02   -5.0000e-14             NA
2.3899e+01   2.1200e-02   -1.0000e-13             NA
2.4067e+01   2.1400e-02   -5.0000e-14             NA
2.4236e+01   2.1100e-02   -5.0000e-14             NA
2.4419e+01   2.1200e-02   -5.0000e-14             NA
2.4602e+01   2.1200e-02   -5.0000e-14             NA
2.4776e+01   2.1100e-02   -5.0000e-14             NA
2.4949e+01   2.1200e-02   -5.0000e-14             NA
2.5125e+01   2.1200e-02   -5.0000e-14             NA
2.5200e+01   2.1100e-02   -5.0000e-14             NA
2.5435e+01   2.1100e-02   -5.0000e-14             NA
2.5611e+01   2.1100e-02   -5.0000e-14             NA
2.5791e+01   2.1100e-02   -5.0000e-14             NA
2.5965e+01   2.1200e-02   -5.0000e-14             NA
2.6128e+01   2.1200e-02   -1.0000e-13             NA
2.6308e+01   2.1200e-02   -5.0000e-14             NA
2.6491e+01   2.1100e-02   -5.0000e-14             NA
2.6660e+01   2.1100e-02   -1.0000e-13             NA
2.6830e+01   2.1100e-02   -5.0000e-14             NA
2.7024e+01   2.1200e-02   -5.0000e-14             NA
2.7193e+01   2.1000e-02   -5.0000e-14             NA
2.7385e+01   2.1200e-02   -5.0000e-14             NA
2.7566e+01   2.1200e-02   -5.0000e-14             NA
2.7739e+01   2.1100e-02   -5.0000e-14             NA
2.7899e+01   2.1100e-02   -5.0000e-14             NA
2.8067e+01   2.1200e-02   -5.0000e-14             NA
2.8242e+01   2.1100e-02   -5.0000e-14             NA
2.8412e+01   2.1000e-02   -5.0000e-14             NA
2.8584e+01   2.1100e-02   -5.0000e-14             NA
2.8780e+01   2.1000e-02   -5.0000e-14             NA
2.8945e+01   2.1100e-02   -5.0000e-14             NA
2.9115e+01   2.1000e-02   -5.0000e-14             NA
2.9288e+01   2.1100e-02   -5.0000e-14             NA
2.9473e+01   2.1000e-02   -5.0000e-14             NA
2.9643e+01   2.1100e-02   -1.0000e-13             NA
2.9838e+01   2.0900e-02   -5.0000e-14             NA
3.0024e+01   2.1100e-02   -5.0000e-14             NA
3.0101e+01   2.1000e-02   -5.0000e-14             NA
3.0339e+01   2.0900e-02   -5.0000e-14             NA
3.0521e+01   2.1000e-02   -5.0000e-14             NA
3.0689e+01   2.0900e-02   -5.0000e-14             NA
3.0860e+01   2.0900e-02   -5.0000e-14             NA
3.1030e+01   2.0900e-02   -5.0000e-14             NA
3.1204e+01   2.0900e-02   -5.0000e-14             NA
3.1383e+01   2.1000e-02   -5.0000e-14             NA
3.1550e+01   2.0800e-02   -5.0000e-14             NA
3.1722e+01   2.0800e-02   -5.0000e-14             NA
3.1897e+01   2.0700e-02   -5.0000e-14             NA
3.2066e+01   2.0800e-02   -5.0000e-14             NA
3.2248e+01   2.0800e-02   -5.0000e-14             NA
3.2420e+01   2.0700e-02   -5.0000e-14             NA
3.2600e+01   2.0800e-02   -5.0000e-14             NA
3.2782e+01   2.0800e-02   -5.0000e-14             NA
3.2975e+01   2.0700e-02   -5.0000e-14             NA
3.3154e+01   2.0600e-02   -5.0000e-14             NA
3.3346e+01   2.0800e-02   -5.0000e-14             NA
3.3530e+01   2.0800e-02   -5.0000e-14             NA
3.3715e+01   2.0600e-02   -5.0000e-14             NA
3.3906e+01   2.0800e-02   -5.0000e-14             NA
3.4089e+01   2.0800e-02   -5.0000e-14             NA
3.4267e+01   2.0800e-02   -5.0000e-14             NA
3.4439e+01   2.0700e-02   -5.0000e-14             NA
3.4592e+01   2.0700e-02   -5.0000e-14             NA
3.4756e+01   2.0700e-02   -5.0000e-14             NA
3.4926e+01   2.0800e-02   -5.0000e-14             NA
3.5081e+01   2.0700e-02   -5.0000e-14             NA
3.5224e+01   2.0800e-02   -5.0000e-14             NA
3.5365e+01   2.0800e-02   -5.0000e-14             NA
Finised 

