  Measurement Number     Measurement type
                  17               OnLine

      Measurement ID                     
       739913.630936                     

          Force Mode                Value         MeasureRange
             Current                    0         1.000000e-07

    Supply Complince     Integrating time     Refresh interval
        1.000000e-05                    0                    0

        Time      Voltage      Current  Temperature
1.2426e+00   8.6000e-03   -5.0000e-14             NA
1.4797e+00   8.8000e-03   -5.0000e-14             NA
1.6303e+00   9.2000e-03   -5.0000e-14             NA
1.7745e+00   9.2000e-03   -5.0000e-14             NA
1.9356e+00   9.3000e-03   -5.0000e-14             NA
2.0843e+00   9.4000e-03   -5.0000e-14             NA
2.2288e+00   9.6000e-03   -5.0000e-14             NA
2.3737e+00   9.7000e-03   -5.0000e-14             NA
2.6477e+00   9.9000e-03   -5.0000e-14             NA
2.6809e+00   9.7000e-03   -5.0000e-14             NA
2.9395e+00   9.9000e-03   -5.0000e-14             NA
2.9734e+00   1.0100e-02   -5.0000e-14             NA
3.2473e+00   1.0300e-02   -5.0000e-14             NA
3.2827e+00   1.0100e-02   -5.0000e-14             NA
3.5524e+00   1.0300e-02   -5.0000e-14             NA
3.5930e+00   1.0300e-02   -5.0000e-14             NA
3.8791e+00   1.0300e-02   -5.0000e-14             NA
4.0430e+00   1.0500e-02   -5.0000e-14             NA
4.0813e+00   1.0400e-02   -5.0000e-14             NA
4.2310e+00   1.0700e-02   -5.0000e-14             NA
4.4983e+00   1.0600e-02   -5.0000e-14             NA
4.6730e+00   1.0900e-02   -5.0000e-14             NA
4.8446e+00   1.0800e-02   -5.0000e-14             NA
5.0084e+00   1.0900e-02   -5.0000e-14             NA
5.0409e+00   1.0800e-02   -5.0000e-14             NA
5.3263e+00   1.1000e-02   -5.0000e-14             NA
5.3601e+00   1.0900e-02   -5.0000e-14             NA
5.6461e+00   1.1100e-02   -5.0000e-14             NA
5.6802e+00   1.0900e-02   -5.0000e-14             NA
5.9787e+00   1.1000e-02   -5.0000e-14             NA
6.1416e+00   1.1100e-02   -5.0000e-14             NA
6.1739e+00   1.1200e-02   -5.0000e-14             NA
6.4487e+00   1.1200e-02   -5.0000e-14             NA
6.6285e+00   1.1200e-02   -5.0000e-14             NA
6.7819e+00   1.1100e-02   -5.0000e-14             NA
6.9482e+00   1.1300e-02   -5.0000e-14             NA
7.1207e+00   1.1200e-02   -5.0000e-14             NA
7.1532e+00   1.1300e-02   -5.0000e-14             NA
7.4326e+00   1.1300e-02   -5.0000e-14             NA
7.6082e+00   1.1400e-02   -5.0000e-14             NA
7.7971e+00   1.1200e-02   -5.0000e-14             NA
7.8346e+00   1.1300e-02   -5.0000e-14             NA
7.9795e+00   1.1200e-02   -5.0000e-14             NA
8.1250e+00   1.1200e-02   -5.0000e-14             NA
8.2797e+00   1.1200e-02   -5.0000e-14             NA
8.5644e+00   1.1300e-02   -5.0000e-14             NA
8.7315e+00   1.1400e-02   -5.0000e-14             NA
8.8897e+00   1.1500e-02   -5.0000e-14             NA
9.0543e+00   1.1400e-02   -5.0000e-14             NA
9.0861e+00   1.1300e-02   -5.0000e-14             NA
9.3633e+00   1.1300e-02   -5.0000e-14             NA
9.5219e+00   1.1300e-02   -5.0000e-14             NA
9.6806e+00   1.1300e-02   -5.0000e-14             NA
9.8414e+00   1.1400e-02   -5.0000e-14             NA
1.0011e+01   1.1500e-02   -5.0000e-14             NA
1.0057e+01   1.1400e-02   -5.0000e-14             NA
1.0338e+01   1.1300e-02   -5.0000e-14             NA
1.0507e+01   1.1500e-02   -5.0000e-14             NA
1.0674e+01   1.1500e-02   -5.0000e-14             NA
1.0839e+01   1.1400e-02   -5.0000e-14             NA
1.1012e+01   1.1600e-02   -5.0000e-14             NA
1.1050e+01   1.1600e-02   -5.0000e-14             NA
1.1340e+01   1.1500e-02   -5.0000e-14             NA
1.1378e+01   1.1500e-02   -5.0000e-14             NA
1.1671e+01   1.1700e-02   -5.0000e-14             NA
1.1838e+01   1.1500e-02   -5.0000e-14             NA
1.1876e+01   1.1500e-02   -5.0000e-14             NA
1.2191e+01   1.1700e-02   -5.0000e-14             NA
1.2226e+01   1.1600e-02   -5.0000e-14             NA
1.2503e+01   1.1500e-02   -5.0000e-14             NA
1.2670e+01   1.1700e-02   -5.0000e-14             NA
1.2839e+01   1.1500e-02   -5.0000e-14             NA
1.3003e+01   1.1500e-02   -5.0000e-14             NA
1.3160e+01   1.1500e-02   -5.0000e-14             NA
1.3323e+01   1.1500e-02   -5.0000e-14             NA
1.3493e+01   1.1700e-02   -5.0000e-14             NA
1.3674e+01   1.1700e-02   -5.0000e-14             NA
1.3842e+01   1.1600e-02   -5.0000e-14             NA
1.4005e+01   1.1600e-02   -5.0000e-14             NA
1.4036e+01   1.1600e-02   -5.0000e-14             NA
1.4321e+01   1.1600e-02   -5.0000e-14             NA
1.4479e+01   1.1600e-02   -5.0000e-14             NA
1.4659e+01   1.1600e-02   -5.0000e-14             NA
1.4699e+01   1.1600e-02   -5.0000e-14             NA
1.5000e+01   1.1600e-02   -5.0000e-14             NA
1.5040e+01   1.1600e-02   -5.0000e-14             NA
1.5340e+01   1.1600e-02   -5.0000e-14             NA
1.5500e+01   1.1600e-02   -5.0000e-14             NA
1.5661e+01   1.1600e-02   -5.0000e-14             NA
1.5814e+01   1.1800e-02   -5.0000e-14             NA
1.5972e+01   1.1900e-02   -5.0000e-14             NA
1.6136e+01   1.1700e-02   -5.0000e-14             NA
1.6168e+01   1.1900e-02   -5.0000e-14             NA
1.6306e+01   1.1800e-02   -5.0000e-14             NA
1.6587e+01   1.1800e-02   -5.0000e-14             NA
1.6740e+01   1.1600e-02   -5.0000e-14             NA
1.6908e+01   1.1800e-02   -5.0000e-14             NA
1.7082e+01   1.1600e-02   -5.0000e-14             NA
1.7245e+01   1.1700e-02   -5.0000e-14             NA
1.7410e+01   1.1900e-02   -5.0000e-14             NA
1.7574e+01   1.1800e-02   -5.0000e-14             NA
1.7741e+01   1.1600e-02   -5.0000e-14             NA
1.7901e+01   1.1600e-02   -5.0000e-14             NA
1.8064e+01   1.1600e-02   -5.0000e-14             NA
1.8092e+01   1.1800e-02   -5.0000e-14             NA
1.8372e+01   1.1800e-02   -5.0000e-14             NA
1.8537e+01   1.1600e-02   -5.0000e-14             NA
1.8699e+01   1.1600e-02   -5.0000e-14             NA
1.8862e+01   1.1600e-02   -5.0000e-14             NA
1.9042e+01   1.1600e-02   -5.0000e-14             NA
1.9204e+01   1.1700e-02   -5.0000e-14             NA
1.9374e+01   1.1800e-02   -5.0000e-14             NA
1.9545e+01   1.1700e-02   -5.0000e-14             NA
1.9730e+01   1.1900e-02   -5.0000e-14             NA
1.9885e+01   1.1800e-02   -5.0000e-14             NA
2.0058e+01   1.1800e-02   -5.0000e-14             NA
2.0089e+01   1.1900e-02   -5.0000e-14             NA
2.0233e+01   1.1900e-02   -5.0000e-14             NA
2.0398e+01   1.1800e-02   -5.0000e-14             NA
2.0541e+01   1.1900e-02   -5.0000e-14             NA
2.0802e+01   1.1800e-02   -5.0000e-14             NA
2.0958e+01   1.1900e-02   -5.0000e-14             NA
2.1124e+01   1.1900e-02   -5.0000e-14             NA
2.1296e+01   1.2000e-02   -5.0000e-14             NA
2.1459e+01   1.1900e-02   -5.0000e-14             NA
2.1620e+01   1.1900e-02   -5.0000e-14             NA
2.1781e+01   1.1900e-02   -5.0000e-14             NA
2.1946e+01   1.2000e-02   -5.0000e-14             NA
2.2113e+01   1.2100e-02   -5.0000e-14             NA
2.2277e+01   1.2000e-02   -5.0000e-14             NA
2.2443e+01   1.1900e-02   -5.0000e-14             NA
2.2608e+01   1.2100e-02   -5.0000e-14             NA
2.2782e+01   1.1900e-02   -5.0000e-14             NA
2.2961e+01   1.1900e-02   -5.0000e-14             NA
2.5167e+01   8.4040e-01   -1.0000e-11             NA
2.5225e+01   8.5390e-01   -1.0000e-11             NA
2.5508e+01   8.1010e-01   -1.0000e-11             NA
2.5696e+01   7.8880e-01   -1.0000e-11             NA
2.5913e+01   7.9500e-01   -1.0000e-11             NA
2.6108e+01   7.9970e-01   -1.0000e-11             NA
2.6293e+01   7.9920e-01   -1.0000e-11             NA
2.6480e+01   7.8130e-01   -1.0000e-11             NA
2.6670e+01   7.8610e-01   -1.0000e-11             NA
2.6860e+01   7.5650e-01   -1.0000e-11             NA
2.7045e+01   7.5540e-01   -1.0000e-11             NA
2.7245e+01   7.6000e-01   -1.0000e-11             NA
2.7423e+01   7.5380e-01   -1.0000e-11             NA
2.7617e+01   7.5810e-01   -1.0000e-11             NA
2.7805e+01   7.4570e-01   -1.0000e-11             NA
2.7997e+01   7.4060e-01   -1.0000e-11             NA
2.8183e+01   7.5960e-01   -1.0000e-11             NA
2.8375e+01   7.6810e-01   -1.0000e-11             NA
2.8563e+01   7.5430e-01   -1.0000e-11             NA
2.8752e+01   7.5110e-01   -1.0000e-11             NA
2.8961e+01   7.4200e-01   -1.0000e-11             NA
2.9157e+01   7.5140e-01   -1.0000e-11             NA
2.9348e+01   7.3530e-01   -1.0000e-11             NA
2.9531e+01   7.2710e-01   -1.0000e-11             NA
2.9722e+01   7.2960e-01   -1.0000e-11             NA
2.9919e+01   7.2990e-01   -1.0000e-11             NA
2.9979e+01   7.3570e-01   -1.0000e-11             NA
3.0263e+01   7.2460e-01   -1.0000e-11             NA
3.0451e+01   7.3980e-01   -1.0000e-11             NA
3.0646e+01   7.4120e-01   -1.0000e-11             NA
3.0834e+01   7.3840e-01   -1.0000e-11             NA
3.1033e+01   7.3040e-01   -1.0000e-11             NA
3.1216e+01   7.3840e-01   -1.0000e-11             NA
3.1402e+01   7.3660e-01   -1.0000e-11             NA
3.1594e+01   7.2720e-01   -1.0000e-11             NA
3.1785e+01   7.4270e-01   -1.0000e-11             NA
3.1976e+01   7.4130e-01   -1.0000e-11             NA
3.2166e+01   7.3520e-01   -1.0000e-11             NA
3.2358e+01   7.1710e-01   -1.0000e-11             NA
3.2545e+01   7.3260e-01   -1.0000e-11             NA
3.2740e+01   7.1550e-01   -1.0000e-11             NA
3.2924e+01   7.2270e-01   -1.0000e-11             NA
3.3118e+01   7.0490e-01   -1.0000e-11             NA
3.3377e+01   1.0830e-01   1.0000e-05             NA
3.3424e+01   1.0950e-01   1.0001e-05             NA
3.3571e+01   1.7470e-01   1.0001e-05             NA
3.3842e+01   1.8010e-01   1.0001e-05             NA
3.4007e+01   1.7530e-01   1.0000e-05             NA
3.4175e+01   1.7800e-01   1.0000e-05             NA
3.4339e+01   1.7590e-01   1.0001e-05             NA
3.4507e+01   1.7340e-01   1.0001e-05             NA
3.4675e+01   1.8040e-01   1.0001e-05             NA
3.4850e+01   1.8100e-01   1.0000e-05             NA
3.5010e+01   1.9320e-01   1.0001e-05             NA
3.5045e+01   1.8860e-01   1.0001e-05             NA
3.5316e+01   1.7580e-01   1.0001e-05             NA
3.5483e+01   1.7260e-01   1.0001e-05             NA
3.5659e+01   1.8260e-01   1.0000e-05             NA
3.5830e+01   1.7100e-01   1.0001e-05             NA
3.5997e+01   1.6950e-01   1.0001e-05             NA
3.6036e+01   1.7040e-01   1.0001e-05             NA
3.6306e+01   1.9940e-01   1.0001e-05             NA
3.6474e+01   2.0340e-01   1.0001e-05             NA
3.6637e+01   1.8870e-01   1.0001e-05             NA
3.6801e+01   2.0640e-01   1.0001e-05             NA
3.6980e+01   1.8780e-01   1.0001e-05             NA
3.7161e+01   2.0380e-01   1.0000e-05             NA
3.7327e+01   1.7370e-01   1.0001e-05             NA
3.7487e+01   1.9580e-01   1.0001e-05             NA
3.7651e+01   1.7370e-01   1.0001e-05             NA
3.7821e+01   1.8170e-01   1.0001e-05             NA
3.7981e+01   1.7460e-01   1.0001e-05             NA
3.8142e+01   1.8500e-01   1.0001e-05             NA
3.8300e+01   1.8260e-01   1.0001e-05             NA
3.8458e+01   1.8110e-01   1.0001e-05             NA
3.8632e+01   1.8600e-01   1.0001e-05             NA
3.8795e+01   1.8080e-01   1.0001e-05             NA
3.8965e+01   1.8230e-01   1.0001e-05             NA
3.9128e+01   1.9740e-01   1.0001e-05             NA
3.9287e+01   2.3050e-01   1.0001e-05             NA
3.9461e+01   1.7990e-01   1.0001e-05             NA
3.9628e+01   1.8570e-01   1.0001e-05             NA
3.9790e+01   1.9590e-01   1.0001e-05             NA
3.9950e+01   1.9390e-01   1.0001e-05             NA
4.0114e+01   2.0320e-01   1.0001e-05             NA
4.0148e+01   2.0250e-01   1.0001e-05             NA
4.0440e+01   1.9360e-01   1.0001e-05             NA
4.0605e+01   2.1210e-01   1.0001e-05             NA
4.0778e+01   2.3170e-01   1.0001e-05             NA
4.0957e+01   2.0560e-01   1.0001e-05             NA
4.1127e+01   2.0210e-01   1.0001e-05             NA
4.1294e+01   2.1000e-01   1.0001e-05             NA
4.1454e+01   2.0400e-01   1.0001e-05             NA
4.1627e+01   2.0070e-01   1.0001e-05             NA
4.1796e+01   1.7820e-01   1.0000e-05             NA
4.1966e+01   1.7710e-01   1.0001e-05             NA
4.2128e+01   1.8840e-01   1.0001e-05             NA
4.2294e+01   1.8450e-01   1.0001e-05             NA
4.2488e+01   1.8260e-01   1.0001e-05             NA
4.2520e+01   1.8320e-01   1.0001e-05             NA
4.2794e+01   1.8180e-01   1.0001e-05             NA
4.2963e+01   1.8200e-01   1.0002e-05             NA
4.3127e+01   1.6420e-01   1.0000e-05             NA
4.3290e+01   1.6320e-01   1.0001e-05             NA
4.3457e+01   1.7570e-01   1.0001e-05             NA
4.3626e+01   1.7240e-01   1.0001e-05             NA
4.3786e+01   1.7140e-01   1.0001e-05             NA
4.3954e+01   1.7660e-01   1.0001e-05             NA
4.4124e+01   1.6960e-01   1.0001e-05             NA
4.4313e+01   1.5800e-01   1.0001e-05             NA
4.4478e+01   1.6620e-01   1.0001e-05             NA
4.4648e+01   1.6720e-01   1.0001e-05             NA
4.4826e+01   1.8120e-01   1.0000e-05             NA
4.5001e+01   1.7610e-01   1.0001e-05             NA
4.5036e+01   1.8060e-01   1.0001e-05             NA
4.5327e+01   1.7690e-01   1.0001e-05             NA
4.5503e+01   1.8410e-01   1.0001e-05             NA
4.5543e+01   1.7980e-01   1.0000e-05             NA
4.5825e+01   1.8690e-01   1.0001e-05             NA
4.6001e+01   1.8110e-01   1.0001e-05             NA
4.6193e+01   1.7950e-01   1.0001e-05             NA
4.6363e+01   1.8620e-01   1.0001e-05             NA
4.6401e+01   1.8380e-01   1.0000e-05             NA
4.6686e+01   1.8110e-01   1.0001e-05             NA
4.6844e+01   1.8440e-01   1.0001e-05             NA
4.7011e+01   1.7800e-01   1.0001e-05             NA
4.7215e+01   1.7210e-01   1.0000e-05             NA
4.7387e+01   1.9700e-01   1.0001e-05             NA
4.7554e+01   2.0830e-01   1.0001e-05             NA
4.7730e+01   1.9210e-01   1.0001e-05             NA
4.7904e+01   1.8620e-01   1.0000e-05             NA
4.7938e+01   2.0640e-01   1.0001e-05             NA
4.8222e+01   1.9190e-01   1.0001e-05             NA
4.8257e+01   2.2850e-01   1.0001e-05             NA
4.8547e+01   2.0610e-01   1.0000e-05             NA
4.8721e+01   2.2770e-01   1.0001e-05             NA
4.8889e+01   2.1060e-01   1.0000e-05             NA
4.9063e+01   2.2420e-01   1.0000e-05             NA
4.9230e+01   2.2560e-01   1.0001e-05             NA
4.9399e+01   2.0720e-01   1.0001e-05             NA
4.9561e+01   2.1180e-01   1.0001e-05             NA
4.9717e+01   2.2630e-01   1.0002e-05             NA
4.9888e+01   2.2190e-01   1.0001e-05             NA
5.0050e+01   2.1300e-01   1.0000e-05             NA
5.0084e+01   2.0060e-01   1.0000e-05             NA
5.0355e+01   2.0410e-01   1.0001e-05             NA
5.0520e+01   1.9980e-01   1.0001e-05             NA
5.0691e+01   2.0070e-01   1.0001e-05             NA
5.0858e+01   1.9630e-01   1.0001e-05             NA
5.1027e+01   1.9190e-01   1.0001e-05             NA
5.1198e+01   1.9920e-01   1.0001e-05             NA
5.1366e+01   2.0980e-01   1.0001e-05             NA
5.1528e+01   2.1090e-01   1.0000e-05             NA
Finised 

