  Measurement Number     Measurement type
                  16                DC IV

      Measurement ID             SeriesID
       739844.533024                    0

         MeasureMode                Bias1                Bias2
                   2                   -3                    3

                Step  Positive compliance  Negative compliance
                0.05                 0.01                 0.01

  RealMeasuredPoints
                 244

        Bias        Current     Resistance
0.0000e+00   5.2530e-11   0.0000e+00
-5.0000e-02   -1.2377e-08   4.0398e+06
-1.0000e-01   -2.7748e-08   3.6039e+06
-1.5000e-01   -4.8086e-08   3.1194e+06
-2.0000e-01   -6.6955e-08   2.9871e+06
-2.5000e-01   -1.0170e-07   2.4583e+06
-3.0000e-01   -4.4750e-06   6.7039e+04
-3.5000e-01   -5.4392e-06   6.4348e+04
-4.0000e-01   -6.0757e-06   6.5836e+04
-4.5000e-01   -1.5794e-04   2.8492e+03
-5.0000e-01   -1.6062e-04   3.1129e+03
-5.5000e-01   -3.0166e-04   1.8232e+03
-6.0000e-01   -2.9984e-04   2.0011e+03
-6.5000e-01   -2.8498e-04   2.2809e+03
-7.0000e-01   -2.9932e-04   2.3386e+03
-7.5000e-01   -2.5356e-04   2.9579e+03
-8.0000e-01   -2.3242e-04   3.4420e+03
-8.5000e-01   -2.1624e-04   3.9308e+03
-9.0000e-01   -1.9708e-04   4.5667e+03
-9.5000e-01   -1.8792e-04   5.0553e+03
-1.0000e+00   -1.7904e-04   5.5853e+03
-1.0500e+00   -1.8148e-04   5.7858e+03
-1.1000e+00   -1.5392e-04   7.1466e+03
-1.1500e+00   -1.6552e-04   6.9478e+03
-1.2000e+00   -1.3704e-04   8.7566e+03
-1.2500e+00   -1.1510e-04   1.0860e+04
-1.3000e+00   -1.0924e-04   1.1900e+04
-1.3500e+00   -4.8150e-04   2.8037e+03
-1.4000e+00   -5.7212e-04   2.4470e+03
-1.4500e+00   -6.1326e-04   2.3644e+03
-1.5000e+00   -6.5758e-04   2.2811e+03
-1.5500e+00   -7.7378e-04   2.0032e+03
-1.6000e+00   -8.3880e-04   1.9075e+03
-1.6500e+00   -8.7010e-04   1.8963e+03
-1.7000e+00   -8.9052e-04   1.9090e+03
-1.7500e+00   -9.1906e-04   1.9041e+03
-1.8000e+00   -1.0289e-03   1.7494e+03
-1.8500e+00   -1.0313e-03   1.7938e+03
-1.9000e+00   -1.1068e-03   1.7167e+03
-1.9500e+00   -1.1302e-03   1.7254e+03
-2.0000e+00   -1.1658e-03   1.7156e+03
-2.0500e+00   -1.3300e-03   1.5414e+03
-2.1000e+00   -1.5536e-03   1.3517e+03
-2.1500e+00   -1.4506e-03   1.4821e+03
-2.2000e+00   -1.4370e-03   1.5310e+03
-2.2500e+00   -1.8260e-03   1.2322e+03
-2.3000e+00   -1.9738e-03   1.1653e+03
-2.3500e+00   -2.0810e-03   1.1293e+03
-2.4000e+00   -2.1932e-03   1.0943e+03
-2.4500e+00   -2.3184e-03   1.0568e+03
-2.5000e+00   -2.4138e-03   1.0357e+03
-2.5500e+00   -2.5056e-03   1.0177e+03
-2.6000e+00   -2.6068e-03   9.9739e+02
-2.6500e+00   -2.7152e-03   9.7599e+02
-2.7000e+00   -2.8098e-03   9.6092e+02
-2.7500e+00   -2.8916e-03   9.5103e+02
-2.8000e+00   -3.1912e-03   8.7741e+02
-2.8500e+00   -3.5148e-03   8.1086e+02
-2.9000e+00   -3.6444e-03   7.9574e+02
-2.9500e+00   -3.6840e-03   8.0076e+02
-3.0000e+00   -3.8662e-03   7.7596e+02
-3.0000e+00   -3.8232e-03   7.8468e+02
-2.9500e+00   -3.7346e-03   7.8991e+02
-2.9000e+00   -3.6486e-03   7.9483e+02
-2.8500e+00   -3.5288e-03   8.0764e+02
-2.8000e+00   -3.4204e-03   8.1862e+02
-2.7500e+00   -3.3196e-03   8.2841e+02
-2.7000e+00   -3.2244e-03   8.3737e+02
-2.6500e+00   -3.1270e-03   8.4746e+02
-2.6000e+00   -3.0134e-03   8.6281e+02
-2.5500e+00   -2.9108e-03   8.7605e+02
-2.5000e+00   -2.8178e-03   8.8722e+02
-2.4500e+00   -2.7220e-03   9.0007e+02
-2.4000e+00   -2.6312e-03   9.1213e+02
-2.3500e+00   -2.5428e-03   9.2418e+02
-2.3000e+00   -2.4474e-03   9.3977e+02
-2.2500e+00   -2.3556e-03   9.5517e+02
-2.2000e+00   -2.2690e-03   9.6959e+02
-2.1500e+00   -2.1798e-03   9.8633e+02
-2.1000e+00   -2.0962e-03   1.0018e+03
-2.0500e+00   -2.0110e-03   1.0194e+03
-2.0000e+00   -1.9256e-03   1.0386e+03
-1.9500e+00   -1.8414e-03   1.0590e+03
-1.9000e+00   -1.7606e-03   1.0792e+03
-1.8500e+00   -1.6770e-03   1.1032e+03
-1.8000e+00   -1.5972e-03   1.1270e+03
-1.7500e+00   -1.5166e-03   1.1539e+03
-1.7000e+00   -1.4366e-03   1.1833e+03
-1.6500e+00   -1.3578e-03   1.2152e+03
-1.6000e+00   -1.2802e-03   1.2498e+03
-1.5500e+00   -1.2048e-03   1.2865e+03
-1.5000e+00   -1.1320e-03   1.3251e+03
-1.4500e+00   -1.0586e-03   1.3697e+03
-1.4000e+00   -9.8876e-04   1.4159e+03
-1.3500e+00   -9.1694e-04   1.4723e+03
-1.3000e+00   -8.4742e-04   1.5341e+03
-1.2500e+00   -7.8126e-04   1.6000e+03
-1.2000e+00   -7.1778e-04   1.6718e+03
-1.1500e+00   -6.5688e-04   1.7507e+03
-1.1000e+00   -5.9578e-04   1.8463e+03
-1.0500e+00   -5.4058e-04   1.9424e+03
-1.0000e+00   -4.8590e-04   2.0580e+03
-9.5000e-01   -4.3566e-04   2.1806e+03
-9.0000e-01   -3.8744e-04   2.3229e+03
-8.5000e-01   -3.4236e-04   2.4828e+03
-8.0000e-01   -2.9952e-04   2.6709e+03
-7.5000e-01   -2.6058e-04   2.8782e+03
-7.0000e-01   -2.2542e-04   3.1053e+03
-6.5000e-01   -1.9250e-04   3.3766e+03
-6.0000e-01   -1.6348e-04   3.6702e+03
-5.5000e-01   -1.3756e-04   3.9983e+03
-5.0000e-01   -1.1428e-04   4.3752e+03
-4.5000e-01   -9.3182e-05   4.8293e+03
-4.0000e-01   -7.5262e-05   5.3148e+03
-3.5000e-01   -5.9662e-05   5.8664e+03
-3.0000e-01   -4.5844e-05   6.5439e+03
-2.5000e-01   -3.4308e-05   7.2869e+03
-2.0000e-01   -2.4674e-05   8.1057e+03
-1.5000e-01   -1.6554e-05   9.0613e+03
-1.0000e-01   -9.9140e-06   1.0087e+04
-5.0000e-02   -4.5379e-06   1.1018e+04
0.0000e+00   2.1762e-08   0.0000e+00
0.0000e+00   2.8759e-08   0.0000e+00
5.0000e-02   4.5034e-06   1.1103e+04
1.0000e-01   9.6288e-06   1.0386e+04
1.5000e-01   1.5942e-05   9.4091e+03
2.0000e-01   2.3604e-05   8.4731e+03
2.5000e-01   3.2750e-05   7.6336e+03
3.0000e-01   4.3958e-05   6.8247e+03
3.5000e-01   5.6866e-05   6.1548e+03
4.0000e-01   7.1030e-05   5.6314e+03
4.5000e-01   8.7062e-05   5.1687e+03
5.0000e-01   1.0548e-04   4.7401e+03
5.5000e-01   1.2410e-04   4.4319e+03
6.0000e-01   1.4620e-04   4.1040e+03
6.5000e-01   1.7118e-04   3.7972e+03
7.0000e-01   1.9920e-04   3.5141e+03
7.5000e-01   2.3128e-04   3.2428e+03
8.0000e-01   2.6520e-04   3.0166e+03
8.5000e-01   2.9964e-04   2.8367e+03
9.0000e-01   3.3938e-04   2.6519e+03
9.5000e-01   3.8586e-04   2.4620e+03
1.0000e+00   4.3206e-04   2.3145e+03
1.0500e+00   4.8920e-04   2.1464e+03
1.1000e+00   5.5124e-04   1.9955e+03
1.1500e+00   6.2184e-04   1.8494e+03
1.2000e+00   7.0046e-04   1.7132e+03
1.2500e+00   8.1418e-04   1.5353e+03
1.3000e+00   8.9340e-04   1.4551e+03
1.3500e+00   9.6940e-04   1.3926e+03
1.4000e+00   1.0859e-03   1.2893e+03
1.4500e+00   1.2280e-03   1.1808e+03
1.5000e+00   1.2980e-03   1.1556e+03
1.5500e+00   1.3790e-03   1.1240e+03
1.6000e+00   1.4552e-03   1.0995e+03
1.6500e+00   1.5472e-03   1.0664e+03
1.7000e+00   1.6380e-03   1.0379e+03
1.7500e+00   1.7304e-03   1.0113e+03
1.8000e+00   1.8216e-03   9.8814e+02
1.8500e+00   1.9258e-03   9.6064e+02
1.9000e+00   2.0120e-03   9.4433e+02
1.9500e+00   2.0918e-03   9.3221e+02
2.0000e+00   2.1482e-03   9.3101e+02
2.0500e+00   2.1032e-03   9.7471e+02
2.1000e+00   7.7480e-04   2.7104e+03
2.1500e+00   5.8944e-04   3.6475e+03
2.2000e+00   6.1130e-04   3.5989e+03
2.2500e+00   6.2020e-04   3.6279e+03
2.3000e+00   6.3252e-04   3.6362e+03
2.3500e+00   6.4466e-04   3.6453e+03
2.4000e+00   6.1162e-04   3.9240e+03
2.4500e+00   4.6632e-04   5.2539e+03
2.5000e+00   4.0200e-04   6.2189e+03
2.5500e+00   3.5912e-04   7.1007e+03
2.6000e+00   3.2158e-04   8.0851e+03
2.6500e+00   2.9388e-04   9.0173e+03
2.7000e+00   2.1268e-04   1.2695e+04
2.7500e+00   1.7100e-04   1.6082e+04
2.8000e+00   1.5254e-04   1.8356e+04
2.8500e+00   9.7780e-05   2.9147e+04
2.9000e+00   1.0720e-04   2.7052e+04
2.9500e+00   1.1256e-04   2.6208e+04
3.0000e+00   8.0696e-05   3.7177e+04
3.0000e+00   8.9914e-05   3.3365e+04
2.9500e+00   9.3216e-05   3.1647e+04
2.9000e+00   9.3626e-05   3.0974e+04
2.8500e+00   8.8070e-05   3.2361e+04
2.8000e+00   8.3046e-05   3.3716e+04
2.7500e+00   7.8682e-05   3.4951e+04
2.7000e+00   7.1942e-05   3.7530e+04
2.6500e+00   6.9190e-05   3.8300e+04
2.6000e+00   6.5116e-05   3.9929e+04
2.5500e+00   6.4292e-05   3.9663e+04
2.5000e+00   6.1250e-05   4.0816e+04
2.4500e+00   6.0036e-05   4.0809e+04
2.4000e+00   5.6700e-05   4.2328e+04
2.3500e+00   4.8672e-05   4.8282e+04
2.3000e+00   4.5186e-05   5.0901e+04
2.2500e+00   4.3680e-05   5.1511e+04
2.2000e+00   4.1786e-05   5.2649e+04
2.1500e+00   3.9066e-05   5.5035e+04
2.1000e+00   3.8220e-05   5.4945e+04
2.0500e+00   3.3684e-05   6.0860e+04
2.0000e+00   3.3126e-05   6.0376e+04
1.9500e+00   3.2930e-05   5.9217e+04
1.9000e+00   2.9994e-05   6.3346e+04
1.8500e+00   2.9226e-05   6.3300e+04
1.8000e+00   2.4440e-05   7.3650e+04
1.7500e+00   2.2294e-05   7.8496e+04
1.7000e+00   2.1050e-05   8.0760e+04
1.6500e+00   1.7714e-05   9.3147e+04
1.6000e+00   1.6514e-05   9.6887e+04
1.5500e+00   1.4402e-05   1.0762e+05
1.5000e+00   1.3980e-05   1.0730e+05
1.4500e+00   1.3406e-05   1.0816e+05
1.4000e+00   1.4746e-05   9.4941e+04
1.3500e+00   1.0726e-05   1.2586e+05
1.3000e+00   1.1168e-05   1.1640e+05
1.2500e+00   8.6994e-06   1.4369e+05
1.2000e+00   7.9554e-06   1.5084e+05
1.1500e+00   6.8115e-06   1.6883e+05
1.1000e+00   7.2600e-06   1.5152e+05
1.0500e+00   6.3051e-06   1.6653e+05
1.0000e+00   6.5346e-06   1.5303e+05
9.5000e-01   5.2719e-06   1.8020e+05
9.0000e-01   4.3969e-06   2.0469e+05
8.5000e-01   3.9048e-06   2.1768e+05
8.0000e-01   3.6858e-06   2.1705e+05
7.5000e-01   3.3583e-06   2.2333e+05
7.0000e-01   3.5406e-06   1.9771e+05
6.5000e-01   3.1902e-06   2.0375e+05
6.0000e-01   2.5303e-06   2.3713e+05
5.5000e-01   2.2701e-06   2.4228e+05
5.0000e-01   2.3089e-06   2.1655e+05
4.5000e-01   1.5149e-06   2.9705e+05
4.0000e-01   2.3339e-06   1.7139e+05
3.5000e-01   1.6552e-06   2.1145e+05
3.0000e-01   7.2078e-07   4.1622e+05
2.5000e-01   5.5810e-07   4.4795e+05
2.0000e-01   4.0710e-07   4.9128e+05
1.5000e-01   2.5330e-07   5.9218e+05
1.0000e-01   1.5066e-07   6.6375e+05
5.0000e-02   6.0880e-08   8.2129e+05
0.0000e+00   1.7739e-10   0.0000e+00
