  Measurement Number     Measurement type
                   2                DC IV

      Measurement ID             SeriesID
       739704.742319                    0

         MeasureMode                Bias1                Bias2
                   2                    2                   -1

                Step  Positive compliance  Negative compliance
                0.05                1e-06                1e-06

  RealMeasuredPoints
                 124

        Bias        Current     Resistance
0.0000e+00   -8.9600e-12   -0.0000e+00
5.0000e-02   -1.2660e-11   -3.9494e+09
1.0000e-01   1.0000e-14   1.0000e+13
1.5000e-01   7.6900e-12   1.9506e+10
2.0000e-01   2.0380e-11   9.8135e+09
2.5000e-01   4.2800e-12   5.8411e+10
3.0000e-01   3.1900e-12   9.4044e+10
3.5000e-01   2.1490e-11   1.6287e+10
4.0000e-01   3.9420e-11   1.0147e+10
4.5000e-01   5.2230e-11   8.6157e+09
5.0000e-01   3.9480e-11   1.2665e+10
5.5000e-01   5.1980e-11   1.0581e+10
6.0000e-01   7.5600e-11   7.9365e+09
6.5000e-01   9.0860e-11   7.1539e+09
7.0000e-01   3.8990e-10   1.7953e+09
7.5000e-01   2.6325e-09   2.8490e+08
8.0000e-01   2.7008e-09   2.9621e+08
8.5000e-01   4.4128e-09   1.9262e+08
9.0000e-01   1.9498e-08   4.6159e+07
9.5000e-01   2.2749e-08   4.1761e+07
1.0000e+00   3.2235e-08   3.1022e+07
1.0500e+00   3.9497e-08   2.6584e+07
1.1000e+00   6.4607e-08   1.7026e+07
1.1500e+00   1.5376e-07   7.4792e+06
1.2000e+00   2.1692e-07   5.5320e+06
1.2500e+00   3.7148e-07   3.3649e+06
1.3000e+00   1.0001e-06   1.2999e+06
1.3500e+00   1.0000e-06   1.3500e+06
1.4000e+00   1.0000e-06   1.4000e+06
1.4500e+00   1.0000e-06   1.4499e+06
1.5000e+00   1.0000e-06   1.4999e+06
1.5500e+00   1.0000e-06   1.5499e+06
1.6000e+00   9.9998e-07   1.6000e+06
1.6500e+00   1.0000e-06   1.6500e+06
1.7000e+00   1.0000e-06   1.6999e+06
1.7500e+00   1.0000e-06   1.7499e+06
1.8000e+00   1.0001e-06   1.7999e+06
1.8500e+00   1.0001e-06   1.8499e+06
1.9000e+00   1.0000e-06   1.9000e+06
1.9500e+00   1.0000e-06   1.9500e+06
2.0000e+00   1.0000e-06   1.9999e+06
2.0000e+00   1.0000e-06   1.9999e+06
1.9500e+00   1.0000e-06   1.9500e+06
1.9000e+00   1.0000e-06   1.8999e+06
1.8500e+00   1.0001e-06   1.8499e+06
1.8000e+00   1.0000e-06   1.8000e+06
1.7500e+00   1.0000e-06   1.7500e+06
1.7000e+00   1.0000e-06   1.7000e+06
1.6500e+00   1.0000e-06   1.6499e+06
1.6000e+00   1.0000e-06   1.5999e+06
1.5500e+00   1.0001e-06   1.5499e+06
1.5000e+00   1.0001e-06   1.4999e+06
1.4500e+00   1.0001e-06   1.4499e+06
1.4000e+00   1.0000e-06   1.4000e+06
1.3500e+00   1.0001e-06   1.3499e+06
1.3000e+00   1.0001e-06   1.2999e+06
1.2500e+00   1.0001e-06   1.2499e+06
1.2000e+00   1.0001e-06   1.1999e+06
1.1500e+00   1.0000e-06   1.1500e+06
1.1000e+00   1.0000e-06   1.1000e+06
1.0500e+00   1.0000e-06   1.0500e+06
1.0000e+00   1.0000e-06   9.9996e+05
9.5000e-01   8.2334e-07   1.1538e+06
9.0000e-01   7.6506e-07   1.1764e+06
8.5000e-01   7.4996e-07   1.1334e+06
8.0000e-01   3.7548e-07   2.1306e+06
7.5000e-01   5.8662e-07   1.2785e+06
7.0000e-01   2.5690e-07   2.7248e+06
6.5000e-01   8.2260e-08   7.9018e+06
6.0000e-01   1.0720e-07   5.5970e+06
5.5000e-01   9.8000e-08   5.6122e+06
5.0000e-01   2.8874e-08   1.7317e+07
4.5000e-01   1.8541e-08   2.4271e+07
4.0000e-01   9.1586e-09   4.3675e+07
3.5000e-01   2.5504e-09   1.3723e+08
3.0000e-01   1.2051e-09   2.4894e+08
2.5000e-01   6.5950e-10   3.7908e+08
2.0000e-01   1.7881e-10   1.1185e+09
1.5000e-01   1.3150e-11   1.1407e+10
1.0000e-01   8.2600e-12   1.2107e+10
5.0000e-02   -1.5800e-11   -3.1646e+09
0.0000e+00   -1.8390e-11   -0.0000e+00
0.0000e+00   1.0250e-11   0.0000e+00
-5.0000e-02   -1.0530e-11   4.7483e+09
-1.0000e-01   -1.8170e-11   5.5036e+09
-1.5000e-01   -1.2320e-11   1.2175e+10
-2.0000e-01   -2.7200e-12   7.3529e+10
-2.5000e-01   -1.8100e-12   1.3812e+11
-3.0000e-01   -3.2650e-11   9.1884e+09
-3.5000e-01   -5.0910e-11   6.8749e+09
-4.0000e-01   -6.2040e-11   6.4475e+09
-4.5000e-01   -5.9410e-11   7.5745e+09
-5.0000e-01   -5.9210e-11   8.4445e+09
-5.5000e-01   -8.5050e-11   6.4668e+09
-6.0000e-01   -1.0597e-10   5.6620e+09
-6.5000e-01   -1.3695e-10   4.7463e+09
-7.0000e-01   -1.4674e-10   4.7703e+09
-7.5000e-01   -1.4997e-10   5.0010e+09
-8.0000e-01   -2.0265e-10   3.9477e+09
-8.5000e-01   -2.3399e-10   3.6326e+09
-9.0000e-01   -2.8853e-10   3.1193e+09
-9.5000e-01   -3.1038e-10   3.0608e+09
-1.0000e+00   -3.7901e-10   2.6385e+09
-1.0000e+00   -3.6178e-10   2.7641e+09
-9.5000e-01   -3.0805e-10   3.0839e+09
-9.0000e-01   -2.8621e-10   3.1445e+09
-8.5000e-01   -2.3555e-10   3.6086e+09
-8.0000e-01   -1.7952e-10   4.4563e+09
-7.5000e-01   -1.5844e-10   4.7337e+09
-7.0000e-01   -1.4100e-10   4.9645e+09
-6.5000e-01   -1.2982e-10   5.0069e+09
-6.0000e-01   -9.2910e-11   6.4579e+09
-5.5000e-01   -7.5020e-11   7.3314e+09
-5.0000e-01   -5.1680e-11   9.6749e+09
-4.5000e-01   -3.7410e-11   1.2029e+10
-4.0000e-01   -4.6870e-11   8.5342e+09
-3.5000e-01   -4.3300e-11   8.0831e+09
-3.0000e-01   -1.6990e-11   1.7657e+10
-2.5000e-01   -8.5400e-12   2.9274e+10
-2.0000e-01   9.4800e-12   -2.1097e+10
-1.5000e-01   1.8800e-12   -7.9787e+10
-1.0000e-01   -6.4700e-12   1.5456e+10
-5.0000e-02   -4.9000e-12   1.0204e+10
0.0000e+00   7.8400e-12   0.0000e+00
