  Measurement Number     Measurement type
                  24                DC IV

      Measurement ID             SeriesID
       739704.744154                   55

         MeasureMode                Bias1                Bias2
                   2                    2                   -1

                Step  Positive compliance  Negative compliance
                0.05                1e-05                1e-06

  RealMeasuredPoints
                 124

        Bias        Current     Resistance
0.0000e+00   1.3460e-11   0.0000e+00
5.0000e-02   -1.2200e-12   -4.0984e+10
1.0000e-01   -7.9400e-12   -1.2594e+10
1.5000e-01   -1.1900e-12   -1.2605e+11
2.0000e-01   2.2070e-11   9.0621e+09
2.5000e-01   2.7060e-11   9.2387e+09
3.0000e-01   1.1370e-11   2.6385e+10
3.5000e-01   1.3080e-11   2.6758e+10
4.0000e-01   2.4710e-11   1.6188e+10
4.5000e-01   4.9590e-11   9.0744e+09
5.0000e-01   6.2530e-11   7.9962e+09
5.5000e-01   5.6410e-11   9.7500e+09
6.0000e-01   6.6830e-11   8.9780e+09
6.5000e-01   5.9425e-06   1.0938e+05
7.0000e-01   6.0766e-06   1.1520e+05
7.5000e-01   8.9064e-06   8.4209e+04
8.0000e-01   9.9981e-06   8.0015e+04
8.5000e-01   9.9997e-06   8.5003e+04
9.0000e-01   9.9978e-06   9.0020e+04
9.5000e-01   1.0003e-05   9.4972e+04
1.0000e+00   1.0001e-05   9.9995e+04
1.0500e+00   1.0001e-05   1.0499e+05
1.1000e+00   1.0001e-05   1.0999e+05
1.1500e+00   1.0001e-05   1.1499e+05
1.2000e+00   9.9979e-06   1.2003e+05
1.2500e+00   1.0001e-05   1.2498e+05
1.3000e+00   1.0001e-05   1.2999e+05
1.3500e+00   9.9963e-06   1.3505e+05
1.4000e+00   1.0001e-05   1.3999e+05
1.4500e+00   9.9989e-06   1.4502e+05
1.5000e+00   9.9999e-06   1.5000e+05
1.5500e+00   1.0000e-05   1.5499e+05
1.6000e+00   9.9997e-06   1.6000e+05
1.6500e+00   1.0000e-05   1.6500e+05
1.7000e+00   1.0000e-05   1.6999e+05
1.7500e+00   1.0000e-05   1.7499e+05
1.8000e+00   1.0000e-05   1.7999e+05
1.8500e+00   1.0000e-05   1.8500e+05
1.9000e+00   1.0000e-05   1.9000e+05
1.9500e+00   1.0000e-05   1.9499e+05
2.0000e+00   1.0002e-05   1.9995e+05
2.0000e+00   9.9976e-06   2.0005e+05
1.9500e+00   1.0000e-05   1.9500e+05
1.9000e+00   9.9995e-06   1.9001e+05
1.8500e+00   9.9993e-06   1.8501e+05
1.8000e+00   9.9966e-06   1.8006e+05
1.7500e+00   1.0001e-05   1.7498e+05
1.7000e+00   9.9996e-06   1.7001e+05
1.6500e+00   9.9993e-06   1.6501e+05
1.6000e+00   9.9999e-06   1.6000e+05
1.5500e+00   9.9997e-06   1.5500e+05
1.5000e+00   1.0000e-05   1.5000e+05
1.4500e+00   1.0000e-05   1.4500e+05
1.4000e+00   9.9992e-06   1.4001e+05
1.3500e+00   9.9982e-06   1.3502e+05
1.3000e+00   1.0001e-05   1.2999e+05
1.2500e+00   1.0001e-05   1.2499e+05
1.2000e+00   1.0006e-05   1.1993e+05
1.1500e+00   1.0004e-05   1.1495e+05
1.1000e+00   1.0000e-05   1.1000e+05
1.0500e+00   9.9997e-06   1.0500e+05
1.0000e+00   1.0001e-05   9.9994e+04
9.5000e-01   1.0000e-05   9.4996e+04
9.0000e-01   1.0000e-05   8.9999e+04
8.5000e-01   9.9997e-06   8.5003e+04
8.0000e-01   1.0000e-05   8.0000e+04
7.5000e-01   1.0000e-05   7.4999e+04
7.0000e-01   9.9999e-06   7.0001e+04
6.5000e-01   1.0000e-05   6.4999e+04
6.0000e-01   1.0000e-05   5.9999e+04
5.5000e-01   1.0000e-05   5.5000e+04
5.0000e-01   1.0000e-05   5.0000e+04
4.5000e-01   1.0000e-05   4.5000e+04
4.0000e-01   9.7584e-06   4.0990e+04
3.5000e-01   8.1222e-06   4.3092e+04
3.0000e-01   7.2171e-06   4.1568e+04
2.5000e-01   5.1115e-06   4.8909e+04
2.0000e-01   4.3529e-06   4.5946e+04
1.5000e-01   3.0648e-06   4.8943e+04
1.0000e-01   5.2070e-07   1.9205e+05
5.0000e-02   -6.5300e-12   -7.6570e+09
0.0000e+00   -1.3630e-11   -0.0000e+00
0.0000e+00   -6.8300e-12   -0.0000e+00
-5.0000e-02   -3.5800e-12   1.3966e+10
-1.0000e-01   6.5500e-12   -1.5267e+10
-1.5000e-01   2.4300e-12   -6.1728e+10
-2.0000e-01   -1.6290e-11   1.2277e+10
-2.5000e-01   -3.0770e-11   8.1248e+09
-3.0000e-01   -3.3010e-11   9.0882e+09
-3.5000e-01   -2.5210e-11   1.3883e+10
-4.0000e-01   -3.3620e-11   1.1898e+10
-4.5000e-01   -5.9990e-11   7.5013e+09
-5.0000e-01   -7.8800e-11   6.3452e+09
-5.5000e-01   -9.5460e-11   5.7616e+09
-6.0000e-01   -9.1770e-11   6.5381e+09
-6.5000e-01   -1.1976e-10   5.4275e+09
-7.0000e-01   -1.5404e-10   4.5443e+09
-7.5000e-01   -1.8134e-10   4.1359e+09
-8.0000e-01   -1.9371e-10   4.1299e+09
-8.5000e-01   -2.1767e-10   3.9050e+09
-9.0000e-01   -2.6783e-10   3.3603e+09
-9.5000e-01   -3.1670e-10   2.9997e+09
-1.0000e+00   -3.6300e-10   2.7548e+09
-1.0000e+00   -3.4618e-10   2.8887e+09
-9.5000e-01   -3.1239e-10   3.0411e+09
-9.0000e-01   -2.8202e-10   3.1913e+09
-8.5000e-01   -2.4545e-10   3.4630e+09
-8.0000e-01   -2.0967e-10   3.8155e+09
-7.5000e-01   -1.6530e-10   4.5372e+09
-7.0000e-01   -1.3106e-10   5.3411e+09
-6.5000e-01   -1.2419e-10   5.2339e+09
-6.0000e-01   -1.0944e-10   5.4825e+09
-5.5000e-01   -8.3920e-11   6.5539e+09
-5.0000e-01   -5.8440e-11   8.5558e+09
-4.5000e-01   -3.5150e-11   1.2802e+10
-4.0000e-01   -3.0710e-11   1.3025e+10
-3.5000e-01   -3.1210e-11   1.1214e+10
-3.0000e-01   -2.6150e-11   1.1472e+10
-2.5000e-01   3.3000e-13   -7.5758e+11
-2.0000e-01   8.2400e-12   -2.4272e+10
-1.5000e-01   4.7800e-12   -3.1381e+10
-1.0000e-01   -5.2100e-12   1.9194e+10
-5.0000e-02   -8.3900e-12   5.9595e+09
0.0000e+00   1.0780e-11   0.0000e+00
