  Measurement Number     Measurement type
                  17                DC IV

      Measurement ID             SeriesID
       739694.719636                   43

         MeasureMode                Bias1                Bias2
                   2                    1                 -0.5

                Step  Positive compliance  Negative compliance
                0.01                1e-06                1e-06

  RealMeasuredPoints
                 304

        Bias        Current     Resistance
0.0000e+00   -8.7800e-12   -0.0000e+00
1.0000e-02   6.7700e-12   1.4771e+09
2.0000e-02   1.0580e-11   1.8904e+09
3.0000e-02   6.5800e-12   4.5593e+09
4.0000e-02   2.0000e-12   2.0000e+10
5.0000e-02   9.2400e-12   5.4113e+09
6.0000e-02   1.7200e-11   3.4884e+09
7.0000e-02   7.3000e-12   9.5890e+09
8.0000e-02   4.6200e-12   1.7316e+10
9.0000e-02   1.2980e-11   6.9337e+09
1.0000e-01   2.2380e-11   4.4683e+09
1.1000e-01   1.0890e-11   1.0101e+10
1.2000e-01   1.0880e-11   1.1029e+10
1.3000e-01   2.3060e-11   5.6375e+09
1.4000e-01   3.5890e-11   3.9008e+09
1.5000e-01   3.0240e-11   4.9603e+09
1.6000e-01   2.6880e-11   5.9524e+09
1.7000e-01   4.1400e-11   4.1063e+09
1.8000e-01   4.0940e-11   4.3967e+09
1.9000e-01   4.0990e-11   4.6353e+09
2.0000e-01   3.9550e-11   5.0569e+09
2.1000e-01   5.5350e-11   3.7940e+09
2.2000e-01   6.0160e-11   3.6569e+09
2.3000e-01   5.9500e-11   3.8655e+09
2.4000e-01   7.3040e-11   3.2859e+09
2.5000e-01   8.5830e-11   2.9127e+09
2.6000e-01   7.8300e-11   3.3206e+09
2.7000e-01   8.3730e-11   3.2247e+09
2.8000e-01   1.0473e-10   2.6735e+09
2.9000e-01   1.0413e-10   2.7850e+09
3.0000e-01   1.1096e-10   2.7037e+09
3.1000e-01   1.3479e-10   2.2999e+09
3.2000e-01   1.4421e-10   2.2190e+09
3.3000e-01   1.4074e-10   2.3447e+09
3.4000e-01   1.4649e-10   2.3210e+09
3.5000e-01   1.7608e-10   1.9877e+09
3.6000e-01   1.9614e-10   1.8354e+09
3.7000e-01   2.0082e-10   1.8424e+09
3.8000e-01   2.0627e-10   1.8422e+09
3.9000e-01   2.3539e-10   1.6568e+09
4.0000e-01   2.7030e-10   1.4798e+09
4.1000e-01   4.6170e-07   8.8802e+05
4.2000e-01   4.9346e-07   8.5113e+05
4.3000e-01   5.0110e-07   8.5811e+05
4.4000e-01   5.3346e-07   8.2480e+05
4.5000e-01   5.5604e-07   8.0929e+05
4.6000e-01   6.0132e-07   7.6498e+05
4.7000e-01   6.0976e-07   7.7080e+05
4.8000e-01   6.6842e-07   7.1811e+05
4.9000e-01   6.6260e-07   7.3951e+05
5.0000e-01   1.9050e-07   2.6247e+06
5.1000e-01   6.6984e-07   7.6138e+05
5.2000e-01   4.3894e-07   1.1847e+06
5.3000e-01   3.8530e-07   1.3756e+06
5.4000e-01   3.9752e-07   1.3584e+06
5.5000e-01   6.7670e-07   8.1277e+05
5.6000e-01   7.2314e-07   7.7440e+05
5.7000e-01   5.9180e-07   9.6316e+05
5.8000e-01   2.9722e-07   1.9514e+06
5.9000e-01   7.3996e-07   7.9734e+05
6.0000e-01   5.8528e-07   1.0252e+06
6.1000e-01   5.8910e-07   1.0355e+06
6.2000e-01   6.2258e-07   9.9586e+05
6.3000e-01   6.8878e-07   9.1466e+05
6.4000e-01   9.9998e-07   6.4001e+05
6.5000e-01   9.2462e-07   7.0299e+05
6.6000e-01   8.1576e-07   8.0906e+05
6.7000e-01   7.8822e-07   8.5002e+05
6.8000e-01   8.9286e-07   7.6160e+05
6.9000e-01   8.5224e-07   8.0963e+05
7.0000e-01   8.5832e-07   8.1555e+05
7.1000e-01   9.1830e-07   7.7317e+05
7.2000e-01   9.6510e-07   7.4604e+05
7.3000e-01   1.0000e-06   7.3000e+05
7.4000e-01   1.0000e-06   7.3999e+05
7.5000e-01   1.0000e-06   7.5000e+05
7.6000e-01   1.0000e-06   7.5998e+05
7.7000e-01   9.4256e-07   8.1692e+05
7.8000e-01   9.9808e-07   7.8150e+05
7.9000e-01   1.0000e-06   7.9000e+05
8.0000e-01   1.0000e-06   7.9998e+05
8.1000e-01   1.0000e-06   8.1000e+05
8.2000e-01   1.0000e-06   8.2000e+05
8.3000e-01   1.0000e-06   8.3000e+05
8.4000e-01   1.0000e-06   8.3998e+05
8.5000e-01   1.0000e-06   8.5000e+05
8.6000e-01   1.0000e-06   8.5998e+05
8.7000e-01   9.9998e-07   8.7002e+05
8.8000e-01   1.0000e-06   8.8000e+05
8.9000e-01   1.0000e-06   8.9000e+05
9.0000e-01   1.0000e-06   9.0000e+05
9.1000e-01   9.9998e-07   9.1002e+05
9.2000e-01   1.0000e-06   9.2000e+05
9.3000e-01   1.0000e-06   9.3000e+05
9.4000e-01   1.0000e-06   9.4000e+05
9.5000e-01   1.0000e-06   9.5000e+05
9.6000e-01   1.0000e-06   9.6000e+05
9.7000e-01   1.0000e-06   9.7000e+05
9.8000e-01   1.0000e-06   9.8000e+05
9.9000e-01   1.0000e-06   9.9000e+05
1.0000e+00   1.0000e-06   1.0000e+06
1.0000e+00   1.0000e-06   1.0000e+06
9.9000e-01   9.9998e-07   9.9002e+05
9.8000e-01   9.9998e-07   9.8002e+05
9.7000e-01   1.0000e-06   9.7000e+05
9.6000e-01   9.9998e-07   9.6002e+05
9.5000e-01   1.0000e-06   9.5000e+05
9.4000e-01   9.9998e-07   9.4002e+05
9.3000e-01   9.9998e-07   9.3002e+05
9.2000e-01   9.9998e-07   9.2002e+05
9.1000e-01   1.0000e-06   9.1000e+05
9.0000e-01   1.0000e-06   9.0000e+05
8.9000e-01   1.0000e-06   8.9000e+05
8.8000e-01   1.0000e-06   8.8000e+05
8.7000e-01   9.9998e-07   8.7002e+05
8.6000e-01   1.0000e-06   8.6000e+05
8.5000e-01   1.0000e-06   8.5000e+05
8.4000e-01   1.0000e-06   8.4000e+05
8.3000e-01   1.0000e-06   8.3000e+05
8.2000e-01   9.9998e-07   8.2002e+05
8.1000e-01   9.9998e-07   8.1002e+05
8.0000e-01   9.9998e-07   8.0002e+05
7.9000e-01   1.0000e-06   7.9000e+05
7.8000e-01   9.9998e-07   7.8002e+05
7.7000e-01   9.9998e-07   7.7002e+05
7.6000e-01   1.0000e-06   7.6000e+05
7.5000e-01   1.0000e-06   7.5000e+05
7.4000e-01   1.0000e-06   7.4000e+05
7.3000e-01   1.0000e-06   7.3000e+05
7.2000e-01   1.0000e-06   7.2000e+05
7.1000e-01   1.0000e-06   7.1000e+05
7.0000e-01   1.0000e-06   7.0000e+05
6.9000e-01   9.9998e-07   6.9001e+05
6.8000e-01   1.0000e-06   6.8000e+05
6.7000e-01   1.0000e-06   6.7000e+05
6.6000e-01   9.9998e-07   6.6001e+05
6.5000e-01   1.0000e-06   6.5000e+05
6.4000e-01   1.0000e-06   6.4000e+05
6.3000e-01   1.0000e-06   6.3000e+05
6.2000e-01   1.0000e-06   6.2000e+05
6.1000e-01   9.9998e-07   6.1001e+05
6.0000e-01   9.9998e-07   6.0001e+05
5.9000e-01   1.0000e-06   5.9000e+05
5.8000e-01   9.9998e-07   5.8001e+05
5.7000e-01   1.0000e-06   5.7000e+05
5.6000e-01   9.9998e-07   5.6001e+05
5.5000e-01   9.9998e-07   5.5001e+05
5.4000e-01   1.0000e-06   5.4000e+05
5.3000e-01   9.8222e-07   5.3959e+05
5.2000e-01   9.5832e-07   5.4262e+05
5.1000e-01   9.6692e-07   5.2745e+05
5.0000e-01   9.5600e-07   5.2301e+05
4.9000e-01   9.3630e-07   5.2334e+05
4.8000e-01   8.6810e-07   5.5293e+05
4.7000e-01   8.4028e-07   5.5934e+05
4.6000e-01   8.5400e-07   5.3864e+05
4.5000e-01   7.8448e-07   5.7363e+05
4.4000e-01   7.7978e-07   5.6426e+05
4.3000e-01   7.2736e-07   5.9118e+05
4.2000e-01   7.1742e-07   5.8543e+05
4.1000e-01   6.7170e-07   6.1039e+05
4.0000e-01   6.3858e-07   6.2639e+05
3.9000e-01   6.1174e-07   6.3753e+05
3.8000e-01   6.1416e-07   6.1873e+05
3.7000e-01   5.6478e-07   6.5512e+05
3.6000e-01   5.5732e-07   6.4595e+05
3.5000e-01   5.2146e-07   6.7119e+05
3.4000e-01   4.6976e-07   7.2377e+05
3.3000e-01   4.8614e-07   6.7882e+05
3.2000e-01   4.6244e-07   6.9198e+05
3.1000e-01   4.4998e-07   6.8892e+05
3.0000e-01   4.2244e-07   7.1016e+05
2.9000e-01   3.9888e-07   7.2704e+05
2.8000e-01   3.6864e-07   7.5955e+05
2.7000e-01   3.2680e-07   8.2619e+05
2.6000e-01   3.0042e-07   8.6546e+05
2.5000e-01   2.8528e-07   8.7633e+05
2.4000e-01   2.5682e-07   9.3451e+05
2.3000e-01   1.7114e-07   1.3439e+06
2.2000e-01   1.5856e-07   1.3875e+06
2.1000e-01   1.7910e-07   1.1725e+06
2.0000e-01   1.3252e-07   1.5092e+06
1.9000e-01   1.1970e-07   1.5873e+06
1.8000e-01   1.0496e-07   1.7149e+06
1.7000e-01   1.0016e-07   1.6973e+06
1.6000e-01   7.5599e-08   2.1164e+06
1.5000e-01   6.9502e-08   2.1582e+06
1.4000e-01   6.6194e-08   2.1150e+06
1.3000e-01   5.8290e-08   2.2302e+06
1.2000e-01   5.2038e-08   2.3060e+06
1.1000e-01   4.5203e-08   2.4334e+06
1.0000e-01   4.0684e-08   2.4580e+06
9.0000e-02   3.4662e-08   2.5965e+06
8.0000e-02   2.9012e-08   2.7575e+06
7.0000e-02   2.3627e-08   2.9627e+06
6.0000e-02   2.1120e-08   2.8409e+06
5.0000e-02   1.6928e-08   2.9537e+06
4.0000e-02   1.3457e-08   2.9725e+06
3.0000e-02   1.0102e-08   2.9697e+06
2.0000e-02   6.4662e-09   3.0930e+06
1.0000e-02   2.7303e-09   3.6626e+06
0.0000e+00   -1.7910e-11   -0.0000e+00
0.0000e+00   -2.9200e-12   -0.0000e+00
-1.0000e-02   -1.0000e-11   1.0000e+09
-2.0000e-02   -3.7500e-12   5.3333e+09
-3.0000e-02   -3.2400e-12   9.2593e+09
-4.0000e-02   -6.9200e-12   5.7803e+09
-5.0000e-02   -2.2360e-11   2.2361e+09
-6.0000e-02   -2.7710e-11   2.1653e+09
-7.0000e-02   -1.8070e-11   3.8738e+09
-8.0000e-02   -1.9490e-11   4.1047e+09
-9.0000e-02   -2.8940e-11   3.1099e+09
-1.0000e-01   -2.1300e-11   4.6948e+09
-1.1000e-01   -1.6950e-11   6.4897e+09
-1.2000e-01   -1.4160e-11   8.4746e+09
-1.3000e-01   -3.1910e-11   4.0740e+09
-1.4000e-01   -3.8640e-11   3.6232e+09
-1.5000e-01   -3.2100e-11   4.6729e+09
-1.6000e-01   -3.2340e-11   4.9474e+09
-1.7000e-01   -3.9070e-11   4.3512e+09
-1.8000e-01   -5.6740e-11   3.1724e+09
-1.9000e-01   -4.9180e-11   3.8634e+09
-2.0000e-01   -5.7260e-11   3.4928e+09
-2.1000e-01   -5.7030e-11   3.6823e+09
-2.2000e-01   -6.7190e-11   3.2743e+09
-2.3000e-01   -7.7640e-11   2.9624e+09
-2.4000e-01   -8.9190e-11   2.6909e+09
-2.5000e-01   -9.1490e-11   2.7325e+09
-2.6000e-01   -8.7080e-11   2.9858e+09
-2.7000e-01   -1.0713e-10   2.5203e+09
-2.8000e-01   -1.1946e-10   2.3439e+09
-2.9000e-01   -1.1110e-10   2.6103e+09
-3.0000e-01   -1.3025e-10   2.3033e+09
-3.1000e-01   -1.4428e-10   2.1486e+09
-3.2000e-01   -1.5970e-10   2.0038e+09
-3.3000e-01   -1.5869e-10   2.0795e+09
-3.4000e-01   -1.6653e-10   2.0417e+09
-3.5000e-01   -1.8875e-10   1.8543e+09
-3.6000e-01   -2.0721e-10   1.7374e+09
-3.7000e-01   -2.0839e-10   1.7755e+09
-3.8000e-01   -2.1121e-10   1.7992e+09
-3.9000e-01   -2.2413e-10   1.7401e+09
-4.0000e-01   -2.4830e-10   1.6110e+09
-4.1000e-01   -2.6817e-10   1.5289e+09
-4.2000e-01   -2.7277e-10   1.5398e+09
-4.3000e-01   -2.8880e-10   1.4889e+09
-4.4000e-01   -3.1193e-10   1.4106e+09
-4.5000e-01   -3.3111e-10   1.3591e+09
-4.6000e-01   -3.4430e-10   1.3360e+09
-4.7000e-01   -3.6756e-10   1.2787e+09
-4.8000e-01   -3.6676e-10   1.3088e+09
-4.9000e-01   -4.1412e-10   1.1832e+09
-5.0000e-01   -4.3029e-10   1.1620e+09
-5.0000e-01   -4.2387e-10   1.1796e+09
-4.9000e-01   -3.9485e-10   1.2410e+09
-4.8000e-01   -3.7791e-10   1.2701e+09
-4.7000e-01   -3.6361e-10   1.2926e+09
-4.6000e-01   -3.4958e-10   1.3159e+09
-4.5000e-01   -3.2802e-10   1.3719e+09
-4.4000e-01   -3.0335e-10   1.4505e+09
-4.3000e-01   -2.8252e-10   1.5220e+09
-4.2000e-01   -2.8778e-10   1.4594e+09
-4.1000e-01   -2.6374e-10   1.5546e+09
-4.0000e-01   -2.4826e-10   1.6112e+09
-3.9000e-01   -2.2135e-10   1.7619e+09
-3.8000e-01   -2.1567e-10   1.7620e+09
-3.7000e-01   -2.1784e-10   1.6985e+09
-3.6000e-01   -1.8900e-10   1.9048e+09
-3.5000e-01   -1.7262e-10   2.0276e+09
-3.4000e-01   -1.5751e-10   2.1586e+09
-3.3000e-01   -1.5854e-10   2.0815e+09
-3.2000e-01   -1.5297e-10   2.0919e+09
-3.1000e-01   -1.3550e-10   2.2878e+09
-3.0000e-01   -1.1867e-10   2.5280e+09
-2.9000e-01   -1.1476e-10   2.5270e+09
-2.8000e-01   -1.1159e-10   2.5092e+09
-2.7000e-01   -1.0632e-10   2.5395e+09
-2.6000e-01   -8.5370e-11   3.0456e+09
-2.5000e-01   -8.0270e-11   3.1145e+09
-2.4000e-01   -8.2360e-11   2.9140e+09
-2.3000e-01   -7.6450e-11   3.0085e+09
-2.2000e-01   -6.3420e-11   3.4689e+09
-2.1000e-01   -4.8580e-11   4.3228e+09
-2.0000e-01   -5.2300e-11   3.8241e+09
-1.9000e-01   -5.5810e-11   3.4044e+09
-1.8000e-01   -4.3190e-11   4.1676e+09
-1.7000e-01   -2.6350e-11   6.4516e+09
-1.6000e-01   -2.6720e-11   5.9880e+09
-1.5000e-01   -3.2460e-11   4.6211e+09
-1.4000e-01   -3.7780e-11   3.7057e+09
-1.3000e-01   -2.4840e-11   5.2335e+09
-1.2000e-01   -1.2600e-11   9.5238e+09
-1.1000e-01   -1.6250e-11   6.7692e+09
-1.0000e-01   -2.2590e-11   4.4267e+09
-9.0000e-02   -7.3200e-12   1.2295e+10
-8.0000e-02   -2.6900e-12   2.9740e+10
-7.0000e-02   -5.6400e-12   1.2411e+10
-6.0000e-02   -1.3680e-11   4.3860e+09
-5.0000e-02   -1.6730e-11   2.9886e+09
-4.0000e-02   1.4200e-12   -2.8169e+10
-3.0000e-02   7.0400e-12   -4.2614e+09
-2.0000e-02   2.3400e-12   -8.5470e+09
-1.0000e-02   -5.5700e-12   1.7953e+09
0.0000e+00   -6.3200e-12   -0.0000e+00
