  Measurement Number     Measurement type
                 148                DC IV

      Measurement ID             SeriesID
       739844.545925                   75

         MeasureMode                Bias1                Bias2
                   2                   -3                    3

                Step  Positive compliance  Negative compliance
                0.05                 0.01                 0.01

  RealMeasuredPoints
                 244

        Bias        Current     Resistance
0.0000e+00   1.2009e-09   0.0000e+00
-5.0000e-02   -2.7024e-07   1.8502e+05
-1.0000e-01   -5.8466e-07   1.7104e+05
-1.5000e-01   -9.7100e-07   1.5448e+05
-2.0000e-01   -1.6092e-06   1.2429e+05
-2.5000e-01   -2.1793e-06   1.1472e+05
-3.0000e-01   -6.0403e-06   4.9666e+04
-3.5000e-01   -6.7830e-05   5.1600e+03
-4.0000e-01   -6.3456e-05   6.3036e+03
-4.5000e-01   -7.4946e-05   6.0043e+03
-5.0000e-01   -7.4428e-05   6.7179e+03
-5.5000e-01   -5.4756e-05   1.0045e+04
-6.0000e-01   -3.0982e-05   1.9366e+04
-6.5000e-01   -3.5200e-05   1.8466e+04
-7.0000e-01   -3.5800e-05   1.9553e+04
-7.5000e-01   -3.9408e-05   1.9032e+04
-8.0000e-01   -3.7624e-05   2.1263e+04
-8.5000e-01   -2.8388e-05   2.9942e+04
-9.0000e-01   -2.7636e-05   3.2566e+04
-9.5000e-01   -3.2592e-05   2.9148e+04
-1.0000e+00   -2.6058e-05   3.8376e+04
-1.0500e+00   -2.5512e-05   4.1157e+04
-1.1000e+00   -2.9278e-05   3.7571e+04
-1.1500e+00   -3.0202e-05   3.8077e+04
-1.2000e+00   -3.3496e-05   3.5825e+04
-1.2500e+00   -4.3506e-05   2.8732e+04
-1.3000e+00   -4.3108e-05   3.0157e+04
-1.3500e+00   -5.6250e-05   2.4000e+04
-1.4000e+00   -5.4882e-05   2.5509e+04
-1.4500e+00   -6.0036e-05   2.4152e+04
-1.5000e+00   -7.0644e-05   2.1233e+04
-1.5500e+00   -5.3352e-04   2.9052e+03
-1.6000e+00   -5.6872e-04   2.8133e+03
-1.6500e+00   -6.1300e-04   2.6917e+03
-1.7000e+00   -6.5854e-04   2.5815e+03
-1.7500e+00   -9.9200e-04   1.7641e+03
-1.8000e+00   -1.0671e-03   1.6868e+03
-1.8500e+00   -1.1398e-03   1.6231e+03
-1.9000e+00   -1.2390e-03   1.5335e+03
-1.9500e+00   -1.3038e-03   1.4956e+03
-2.0000e+00   -1.3752e-03   1.4543e+03
-2.0500e+00   -1.4180e-03   1.4457e+03
-2.1000e+00   -1.4992e-03   1.4007e+03
-2.1500e+00   -1.5536e-03   1.3839e+03
-2.2000e+00   -1.6008e-03   1.3743e+03
-2.2500e+00   -1.6648e-03   1.3515e+03
-2.3000e+00   -1.7234e-03   1.3346e+03
-2.3500e+00   -1.7934e-03   1.3104e+03
-2.4000e+00   -2.3604e-03   1.0168e+03
-2.4500e+00   -2.4948e-03   9.8204e+02
-2.5000e+00   -2.6330e-03   9.4949e+02
-2.5500e+00   -2.7646e-03   9.2238e+02
-2.6000e+00   -2.8846e-03   9.0134e+02
-2.6500e+00   -3.4008e-03   7.7923e+02
-2.7000e+00   -3.5466e-03   7.6129e+02
-2.7500e+00   -4.1344e-03   6.6515e+02
-2.8000e+00   -4.3146e-03   6.4896e+02
-2.8500e+00   -4.3036e-03   6.6224e+02
-2.9000e+00   -4.3646e-03   6.6444e+02
-2.9500e+00   -5.0480e-03   5.8439e+02
-3.0000e+00   -5.2070e-03   5.7615e+02
-3.0000e+00   -5.1968e-03   5.7728e+02
-2.9500e+00   -5.0646e-03   5.8247e+02
-2.9000e+00   -4.9122e-03   5.9037e+02
-2.8500e+00   -4.7762e-03   5.9671e+02
-2.8000e+00   -4.6302e-03   6.0473e+02
-2.7500e+00   -4.4948e-03   6.1182e+02
-2.7000e+00   -4.3590e-03   6.1941e+02
-2.6500e+00   -4.2170e-03   6.2841e+02
-2.6000e+00   -4.0954e-03   6.3486e+02
-2.5500e+00   -3.9650e-03   6.4313e+02
-2.5000e+00   -3.8412e-03   6.5084e+02
-2.4500e+00   -3.7108e-03   6.6023e+02
-2.4000e+00   -3.5906e-03   6.6841e+02
-2.3500e+00   -3.4642e-03   6.7837e+02
-2.3000e+00   -3.3436e-03   6.8788e+02
-2.2500e+00   -3.2248e-03   6.9772e+02
-2.2000e+00   -3.1062e-03   7.0826e+02
-2.1500e+00   -2.9836e-03   7.2061e+02
-2.1000e+00   -2.8662e-03   7.3268e+02
-2.0500e+00   -2.7498e-03   7.4551e+02
-2.0000e+00   -2.6348e-03   7.5907e+02
-1.9500e+00   -2.5200e-03   7.7381e+02
-1.9000e+00   -2.4046e-03   7.9015e+02
-1.8500e+00   -2.2928e-03   8.0687e+02
-1.8000e+00   -2.1826e-03   8.2470e+02
-1.7500e+00   -2.0726e-03   8.4435e+02
-1.7000e+00   -1.9634e-03   8.6584e+02
-1.6500e+00   -1.8564e-03   8.8882e+02
-1.6000e+00   -1.7532e-03   9.1262e+02
-1.5500e+00   -1.6496e-03   9.3962e+02
-1.5000e+00   -1.5462e-03   9.7012e+02
-1.4500e+00   -1.4460e-03   1.0028e+03
-1.4000e+00   -1.3478e-03   1.0387e+03
-1.3500e+00   -1.2530e-03   1.0774e+03
-1.3000e+00   -1.1600e-03   1.1207e+03
-1.2500e+00   -1.0714e-03   1.1667e+03
-1.2000e+00   -9.8454e-04   1.2188e+03
-1.1500e+00   -9.0048e-04   1.2771e+03
-1.1000e+00   -8.1984e-04   1.3417e+03
-1.0500e+00   -7.4384e-04   1.4116e+03
-1.0000e+00   -6.7116e-04   1.4900e+03
-9.5000e-01   -6.0162e-04   1.5791e+03
-9.0000e-01   -5.3778e-04   1.6735e+03
-8.5000e-01   -4.7710e-04   1.7816e+03
-8.0000e-01   -4.2098e-04   1.9003e+03
-7.5000e-01   -3.6894e-04   2.0329e+03
-7.0000e-01   -3.2098e-04   2.1808e+03
-6.5000e-01   -2.7694e-04   2.3471e+03
-6.0000e-01   -2.3706e-04   2.5310e+03
-5.5000e-01   -2.0040e-04   2.7445e+03
-5.0000e-01   -1.6806e-04   2.9751e+03
-4.5000e-01   -1.3874e-04   3.2435e+03
-4.0000e-01   -1.1300e-04   3.5398e+03
-3.5000e-01   -9.0640e-05   3.8614e+03
-3.0000e-01   -7.1330e-05   4.2058e+03
-2.5000e-01   -5.4032e-05   4.6269e+03
-2.0000e-01   -3.9562e-05   5.0554e+03
-1.5000e-01   -2.7290e-05   5.4965e+03
-1.0000e-01   -1.6954e-05   5.8983e+03
-5.0000e-02   -8.0760e-06   6.1912e+03
0.0000e+00   2.9198e-08   0.0000e+00
0.0000e+00   2.7422e-08   0.0000e+00
5.0000e-02   8.1821e-06   6.1109e+03
1.0000e-01   1.7328e-05   5.7710e+03
1.5000e-01   2.8136e-05   5.3312e+03
2.0000e-01   4.0848e-05   4.8962e+03
2.5000e-01   5.5828e-05   4.4780e+03
3.0000e-01   7.3308e-05   4.0923e+03
3.5000e-01   9.3226e-05   3.7543e+03
4.0000e-01   1.1642e-04   3.4358e+03
4.5000e-01   1.4210e-04   3.1668e+03
5.0000e-01   1.7050e-04   2.9326e+03
5.5000e-01   2.0230e-04   2.7187e+03
6.0000e-01   2.3652e-04   2.5368e+03
6.5000e-01   2.7378e-04   2.3742e+03
7.0000e-01   3.1494e-04   2.2226e+03
7.5000e-01   3.6268e-04   2.0679e+03
8.0000e-01   4.1344e-04   1.9350e+03
8.5000e-01   4.6398e-04   1.8320e+03
9.0000e-01   5.1428e-04   1.7500e+03
9.5000e-01   5.8106e-04   1.6349e+03
1.0000e+00   6.5064e-04   1.5369e+03
1.0500e+00   7.1902e-04   1.4603e+03
1.1000e+00   8.0076e-04   1.3737e+03
1.1500e+00   9.0974e-04   1.2641e+03
1.2000e+00   1.0469e-03   1.1462e+03
1.2500e+00   1.1728e-03   1.0658e+03
1.3000e+00   1.2510e-03   1.0392e+03
1.3500e+00   1.3444e-03   1.0042e+03
1.4000e+00   1.4434e-03   9.6993e+02
1.4500e+00   1.5444e-03   9.3888e+02
1.5000e+00   1.6678e-03   8.9939e+02
1.5500e+00   1.7994e-03   8.6140e+02
1.6000e+00   1.9228e-03   8.3212e+02
1.6500e+00   2.0438e-03   8.0732e+02
1.7000e+00   2.1660e-03   7.8486e+02
1.7500e+00   2.2774e-03   7.6842e+02
1.8000e+00   2.3954e-03   7.5144e+02
1.8500e+00   2.5188e-03   7.3448e+02
1.9000e+00   2.6366e-03   7.2063e+02
1.9500e+00   2.7498e-03   7.0914e+02
2.0000e+00   2.8482e-03   7.0220e+02
2.0500e+00   2.7882e-03   7.3524e+02
2.1000e+00   2.2214e-03   9.4535e+02
2.1500e+00   2.3006e-03   9.3454e+02
2.2000e+00   1.5690e-03   1.4022e+03
2.2500e+00   1.5652e-03   1.4375e+03
2.3000e+00   1.5258e-03   1.5074e+03
2.3500e+00   1.5938e-03   1.4745e+03
2.4000e+00   1.5286e-03   1.5701e+03
2.4500e+00   1.5684e-03   1.5621e+03
2.5000e+00   1.4196e-03   1.7611e+03
2.5500e+00   1.4852e-03   1.7169e+03
2.6000e+00   1.3464e-03   1.9311e+03
2.6500e+00   1.2614e-03   2.1008e+03
2.7000e+00   1.2626e-03   2.1384e+03
2.7500e+00   1.2202e-03   2.2537e+03
2.8000e+00   1.4596e-03   1.9183e+03
2.8500e+00   1.2916e-03   2.2066e+03
2.9000e+00   1.2748e-03   2.2749e+03
2.9500e+00   1.0136e-03   2.9104e+03
3.0000e+00   9.0262e-04   3.3237e+03
3.0000e+00   9.0558e-04   3.3128e+03
2.9500e+00   8.3902e-04   3.5160e+03
2.9000e+00   7.7536e-04   3.7402e+03
2.8500e+00   7.1328e-04   3.9956e+03
2.8000e+00   6.6800e-04   4.1916e+03
2.7500e+00   6.1478e-04   4.4731e+03
2.7000e+00   5.7116e-04   4.7272e+03
2.6500e+00   5.2552e-04   5.0426e+03
2.6000e+00   4.9030e-04   5.3029e+03
2.5500e+00   4.5288e-04   5.6306e+03
2.5000e+00   4.2426e-04   5.8926e+03
2.4500e+00   3.9060e-04   6.2724e+03
2.4000e+00   3.5618e-04   6.7382e+03
2.3500e+00   3.3290e-04   7.0592e+03
2.3000e+00   3.0870e-04   7.4506e+03
2.2500e+00   2.8552e-04   7.8804e+03
2.2000e+00   2.6548e-04   8.2869e+03
2.1500e+00   2.4660e-04   8.7186e+03
2.1000e+00   2.2810e-04   9.2065e+03
2.0500e+00   2.1058e-04   9.7350e+03
2.0000e+00   1.9556e-04   1.0227e+04
1.9500e+00   1.8058e-04   1.0799e+04
1.9000e+00   1.6704e-04   1.1375e+04
1.8500e+00   1.5372e-04   1.2035e+04
1.8000e+00   1.4232e-04   1.2648e+04
1.7500e+00   1.3108e-04   1.3351e+04
1.7000e+00   1.2038e-04   1.4122e+04
1.6500e+00   1.1136e-04   1.4817e+04
1.6000e+00   1.0214e-04   1.5665e+04
1.5500e+00   9.3716e-05   1.6539e+04
1.5000e+00   8.5960e-05   1.7450e+04
1.4500e+00   7.8716e-05   1.8421e+04
1.4000e+00   7.2054e-05   1.9430e+04
1.3500e+00   6.5816e-05   2.0512e+04
1.3000e+00   6.0164e-05   2.1608e+04
1.2500e+00   5.4386e-05   2.2984e+04
1.2000e+00   4.9678e-05   2.4156e+04
1.1500e+00   4.5058e-05   2.5523e+04
1.1000e+00   4.0744e-05   2.6998e+04
1.0500e+00   3.6736e-05   2.8582e+04
1.0000e+00   3.3160e-05   3.0157e+04
9.5000e-01   2.9620e-05   3.2073e+04
9.0000e-01   2.6444e-05   3.4034e+04
8.5000e-01   2.3532e-05   3.6121e+04
8.0000e-01   2.0868e-05   3.8336e+04
7.5000e-01   1.8242e-05   4.1114e+04
7.0000e-01   1.5858e-05   4.4142e+04
6.5000e-01   1.3510e-05   4.8113e+04
6.0000e-01   1.1534e-05   5.2020e+04
5.5000e-01   9.4971e-06   5.7912e+04
5.0000e-01   7.9035e-06   6.3263e+04
4.5000e-01   6.4548e-06   6.9716e+04
4.0000e-01   5.2184e-06   7.6652e+04
3.5000e-01   4.1712e-06   8.3909e+04
3.0000e-01   3.2597e-06   9.2033e+04
2.5000e-01   2.3310e-06   1.0725e+05
2.0000e-01   1.7029e-06   1.1745e+05
1.5000e-01   1.1636e-06   1.2891e+05
1.0000e-01   7.8658e-07   1.2713e+05
5.0000e-02   3.7744e-07   1.3247e+05
0.0000e+00   1.1062e-09   0.0000e+00
