  Measurement Number     Measurement type
                  56                DC IV

      Measurement ID             SeriesID
       739844.538762                   94

         MeasureMode                Bias1                Bias2
                   2                   -3                 2.25

                Step  Positive compliance  Negative compliance
                0.05                 0.01                 0.01

  RealMeasuredPoints
                 214

        Bias        Current     Resistance
0.0000e+00   6.1112e-08   0.0000e+00
-5.0000e-02   -1.3836e-05   3.6138e+03
-1.0000e-01   -2.8434e-05   3.5169e+03
-1.5000e-01   -4.4516e-05   3.3696e+03
-2.0000e-01   -6.1842e-05   3.2340e+03
-2.5000e-01   -8.1816e-05   3.0556e+03
-3.0000e-01   -1.0167e-04   2.9507e+03
-3.5000e-01   -1.2540e-04   2.7911e+03
-4.0000e-01   -1.5042e-04   2.6592e+03
-4.5000e-01   -1.7640e-04   2.5510e+03
-5.0000e-01   -2.0410e-04   2.4498e+03
-5.5000e-01   -2.3652e-04   2.3254e+03
-6.0000e-01   -2.6220e-04   2.2883e+03
-6.5000e-01   -2.9634e-04   2.1934e+03
-7.0000e-01   -3.2302e-04   2.1670e+03
-7.5000e-01   -3.7614e-04   1.9939e+03
-8.0000e-01   -4.2312e-04   1.8907e+03
-8.5000e-01   -4.8034e-04   1.7696e+03
-9.0000e-01   -5.8922e-04   1.5274e+03
-9.5000e-01   -6.9664e-04   1.3637e+03
-1.0000e+00   -8.1778e-04   1.2228e+03
-1.0500e+00   -9.2528e-04   1.1348e+03
-1.1000e+00   -1.0399e-03   1.0578e+03
-1.1500e+00   -1.2344e-03   9.3163e+02
-1.2000e+00   -1.3472e-03   8.9074e+02
-1.2500e+00   -1.4884e-03   8.3983e+02
-1.3000e+00   -1.6378e-03   7.9375e+02
-1.3500e+00   -1.7696e-03   7.6288e+02
-1.4000e+00   -1.9280e-03   7.2614e+02
-1.4500e+00   -2.0768e-03   6.9819e+02
-1.5000e+00   -2.2092e-03   6.7898e+02
-1.5500e+00   -2.3640e-03   6.5567e+02
-1.6000e+00   -2.5210e-03   6.3467e+02
-1.6500e+00   -2.7022e-03   6.1061e+02
-1.7000e+00   -2.8728e-03   5.9176e+02
-1.7500e+00   -3.0476e-03   5.7422e+02
-1.8000e+00   -3.2092e-03   5.6089e+02
-1.8500e+00   -3.3678e-03   5.4932e+02
-1.9000e+00   -3.5184e-03   5.4002e+02
-1.9500e+00   -3.6722e-03   5.3102e+02
-2.0000e+00   -3.8264e-03   5.2268e+02
-2.0500e+00   -3.9766e-03   5.1552e+02
-2.1000e+00   -4.1170e-03   5.1008e+02
-2.1500e+00   -4.2486e-03   5.0605e+02
-2.2000e+00   -4.3886e-03   5.0130e+02
-2.2500e+00   -4.5216e-03   4.9761e+02
-2.3000e+00   -4.6470e-03   4.9494e+02
-2.3500e+00   -4.7648e-03   4.9320e+02
-2.4000e+00   -4.8894e-03   4.9086e+02
-2.4500e+00   -5.0106e-03   4.8896e+02
-2.5000e+00   -5.1370e-03   4.8667e+02
-2.5500e+00   -5.2606e-03   4.8474e+02
-2.6000e+00   -5.3842e-03   4.8289e+02
-2.6500e+00   -5.5046e-03   4.8142e+02
-2.7000e+00   -5.6386e-03   4.7884e+02
-2.7500e+00   -5.7910e-03   4.7487e+02
-2.8000e+00   -5.9536e-03   4.7030e+02
-2.8500e+00   -6.1436e-03   4.6390e+02
-2.9000e+00   -6.3560e-03   4.5626e+02
-2.9500e+00   -6.5308e-03   4.5171e+02
-3.0000e+00   -6.6994e-03   4.4780e+02
-3.0000e+00   -6.6982e-03   4.4788e+02
-2.9500e+00   -6.5432e-03   4.5085e+02
-2.9000e+00   -6.3784e-03   4.5466e+02
-2.8500e+00   -6.2116e-03   4.5882e+02
-2.8000e+00   -6.0542e-03   4.6249e+02
-2.7500e+00   -5.8772e-03   4.6791e+02
-2.7000e+00   -5.7108e-03   4.7279e+02
-2.6500e+00   -5.5538e-03   4.7715e+02
-2.6000e+00   -5.3952e-03   4.8191e+02
-2.5500e+00   -5.2284e-03   4.8772e+02
-2.5000e+00   -5.0698e-03   4.9312e+02
-2.4500e+00   -4.9116e-03   4.9882e+02
-2.4000e+00   -4.7572e-03   5.0450e+02
-2.3500e+00   -4.6004e-03   5.1083e+02
-2.3000e+00   -4.4446e-03   5.1748e+02
-2.2500e+00   -4.2902e-03   5.2445e+02
-2.2000e+00   -4.1360e-03   5.3191e+02
-2.1500e+00   -3.9838e-03   5.3969e+02
-2.1000e+00   -3.8334e-03   5.4782e+02
-2.0500e+00   -3.6818e-03   5.5679e+02
-2.0000e+00   -3.5342e-03   5.6590e+02
-1.9500e+00   -3.3896e-03   5.7529e+02
-1.9000e+00   -3.2436e-03   5.8577e+02
-1.8500e+00   -3.0946e-03   5.9782e+02
-1.8000e+00   -2.9506e-03   6.1005e+02
-1.7500e+00   -2.8084e-03   6.2313e+02
-1.7000e+00   -2.6668e-03   6.3747e+02
-1.6500e+00   -2.5274e-03   6.5284e+02
-1.6000e+00   -2.3886e-03   6.6985e+02
-1.5500e+00   -2.2550e-03   6.8736e+02
-1.5000e+00   -2.1236e-03   7.0635e+02
-1.4500e+00   -1.9930e-03   7.2755e+02
-1.4000e+00   -1.8640e-03   7.5107e+02
-1.3500e+00   -1.7382e-03   7.7667e+02
-1.3000e+00   -1.6176e-03   8.0366e+02
-1.2500e+00   -1.4996e-03   8.3356e+02
-1.2000e+00   -1.3844e-03   8.6680e+02
-1.1500e+00   -1.2718e-03   9.0423e+02
-1.1000e+00   -1.1668e-03   9.4275e+02
-1.0500e+00   -1.0642e-03   9.8666e+02
-1.0000e+00   -9.6680e-04   1.0343e+03
-9.5000e-01   -8.7268e-04   1.0886e+03
-9.0000e-01   -7.8524e-04   1.1461e+03
-8.5000e-01   -7.0162e-04   1.2115e+03
-8.0000e-01   -6.2410e-04   1.2818e+03
-7.5000e-01   -5.5154e-04   1.3598e+03
-7.0000e-01   -4.8514e-04   1.4429e+03
-6.5000e-01   -4.2214e-04   1.5398e+03
-6.0000e-01   -3.6640e-04   1.6376e+03
-5.5000e-01   -3.1414e-04   1.7508e+03
-5.0000e-01   -2.6660e-04   1.8755e+03
-4.5000e-01   -2.2238e-04   2.0236e+03
-4.0000e-01   -1.8348e-04   2.1801e+03
-3.5000e-01   -1.4878e-04   2.3525e+03
-3.0000e-01   -1.1788e-04   2.5450e+03
-2.5000e-01   -9.0838e-05   2.7522e+03
-2.0000e-01   -6.7202e-05   2.9761e+03
-1.5000e-01   -4.6902e-05   3.1982e+03
-1.0000e-01   -2.9262e-05   3.4174e+03
-5.0000e-02   -1.3914e-05   3.5935e+03
0.0000e+00   4.3302e-08   0.0000e+00
0.0000e+00   4.0035e-08   0.0000e+00
5.0000e-02   1.4142e-05   3.5356e+03
1.0000e-01   2.9682e-05   3.3690e+03
1.5000e-01   4.7488e-05   3.1587e+03
2.0000e-01   6.8440e-05   2.9223e+03
2.5000e-01   9.2456e-05   2.7040e+03
3.0000e-01   1.1956e-04   2.5092e+03
3.5000e-01   1.5028e-04   2.3290e+03
4.0000e-01   1.8424e-04   2.1711e+03
4.5000e-01   2.2316e-04   2.0165e+03
5.0000e-01   2.6562e-04   1.8824e+03
5.5000e-01   3.1018e-04   1.7732e+03
6.0000e-01   3.5970e-04   1.6681e+03
6.5000e-01   4.1546e-04   1.5645e+03
7.0000e-01   4.7338e-04   1.4787e+03
7.5000e-01   5.3040e-04   1.4140e+03
8.0000e-01   6.0166e-04   1.3297e+03
8.5000e-01   6.7368e-04   1.2617e+03
9.0000e-01   7.5494e-04   1.1921e+03
9.5000e-01   8.3770e-04   1.1341e+03
1.0000e+00   9.2868e-04   1.0768e+03
1.0500e+00   1.0165e-03   1.0330e+03
1.1000e+00   1.1154e-03   9.8616e+02
1.1500e+00   1.2204e-03   9.4231e+02
1.2000e+00   1.3342e-03   8.9942e+02
1.2500e+00   1.4848e-03   8.4186e+02
1.3000e+00   1.6076e-03   8.0866e+02
1.3500e+00   1.7374e-03   7.7702e+02
1.4000e+00   1.8722e-03   7.4778e+02
1.4500e+00   2.0292e-03   7.1457e+02
1.5000e+00   2.1796e-03   6.8820e+02
1.5500e+00   2.3380e-03   6.6296e+02
1.6000e+00   2.4952e-03   6.4123e+02
1.6500e+00   2.6556e-03   6.2133e+02
1.7000e+00   2.8146e-03   6.0399e+02
1.7500e+00   2.9900e-03   5.8528e+02
1.8000e+00   3.1408e-03   5.7310e+02
1.8500e+00   3.3024e-03   5.6020e+02
1.9000e+00   3.4514e-03   5.5050e+02
1.9500e+00   3.6096e-03   5.4023e+02
2.0000e+00   3.7576e-03   5.3225e+02
2.0500e+00   3.9072e-03   5.2467e+02
2.1000e+00   4.0458e-03   5.1906e+02
2.1500e+00   4.1232e-03   5.2144e+02
2.2000e+00   4.1404e-03   5.3135e+02
2.2500e+00   3.5520e-03   6.3345e+02
2.2500e+00   3.1786e-03   7.0786e+02
2.2000e+00   2.8766e-03   7.6479e+02
2.1500e+00   2.7148e-03   7.9196e+02
2.1000e+00   2.6028e-03   8.0682e+02
2.0500e+00   2.4808e-03   8.2635e+02
2.0000e+00   2.3828e-03   8.3935e+02
1.9500e+00   2.2844e-03   8.5362e+02
1.9000e+00   2.1692e-03   8.7590e+02
1.8500e+00   2.0710e-03   8.9329e+02
1.8000e+00   1.9902e-03   9.0443e+02
1.7500e+00   1.8792e-03   9.3125e+02
1.7000e+00   1.7902e-03   9.4961e+02
1.6500e+00   1.6930e-03   9.7460e+02
1.6000e+00   1.5896e-03   1.0065e+03
1.5500e+00   1.4930e-03   1.0382e+03
1.5000e+00   1.4004e-03   1.0711e+03
1.4500e+00   1.3122e-03   1.1050e+03
1.4000e+00   1.2352e-03   1.1334e+03
1.3500e+00   1.1496e-03   1.1743e+03
1.3000e+00   1.0724e-03   1.2122e+03
1.2500e+00   9.9570e-04   1.2554e+03
1.2000e+00   9.2242e-04   1.3009e+03
1.1500e+00   8.5432e-04   1.3461e+03
1.1000e+00   7.8270e-04   1.4054e+03
1.0500e+00   7.2046e-04   1.4574e+03
1.0000e+00   6.5808e-04   1.5196e+03
9.5000e-01   5.9904e-04   1.5859e+03
9.0000e-01   5.4366e-04   1.6554e+03
8.5000e-01   4.9148e-04   1.7295e+03
8.0000e-01   4.4286e-04   1.8064e+03
7.5000e-01   3.9722e-04   1.8881e+03
7.0000e-01   3.5442e-04   1.9751e+03
6.5000e-01   3.1440e-04   2.0674e+03
6.0000e-01   2.7726e-04   2.1640e+03
5.5000e-01   2.4304e-04   2.2630e+03
5.0000e-01   2.1188e-04   2.3598e+03
4.5000e-01   1.8204e-04   2.4720e+03
4.0000e-01   1.5492e-04   2.5820e+03
3.5000e-01   1.2954e-04   2.7019e+03
3.0000e-01   1.0650e-04   2.8169e+03
2.5000e-01   8.4982e-05   2.9418e+03
2.0000e-01   6.5468e-05   3.0549e+03
1.5000e-01   4.7220e-05   3.1766e+03
1.0000e-01   3.0686e-05   3.2588e+03
5.0000e-02   1.5258e-05   3.2770e+03
0.0000e+00   4.4495e-08   0.0000e+00
