  Measurement Number     Measurement type
                  69                DC IV

      Measurement ID             SeriesID
       739844.539651                   94

         MeasureMode                Bias1                Bias2
                   2                   -3                 2.25

                Step  Positive compliance  Negative compliance
                0.05                 0.01                 0.01

  RealMeasuredPoints
                 214

        Bias        Current     Resistance
0.0000e+00   9.6680e-08   0.0000e+00
-5.0000e-02   -2.1532e-05   2.3221e+03
-1.0000e-01   -4.4078e-05   2.2687e+03
-1.5000e-01   -6.7856e-05   2.2106e+03
-2.0000e-01   -9.3290e-05   2.1439e+03
-2.5000e-01   -1.1978e-04   2.0872e+03
-3.0000e-01   -1.4802e-04   2.0268e+03
-3.5000e-01   -1.7824e-04   1.9636e+03
-4.0000e-01   -2.1186e-04   1.8880e+03
-4.5000e-01   -2.4706e-04   1.8214e+03
-5.0000e-01   -2.8210e-04   1.7724e+03
-5.5000e-01   -3.2384e-04   1.6984e+03
-6.0000e-01   -3.6442e-04   1.6465e+03
-6.5000e-01   -4.1352e-04   1.5719e+03
-7.0000e-01   -4.5834e-04   1.5273e+03
-7.5000e-01   -5.0290e-04   1.4914e+03
-8.0000e-01   -5.4882e-04   1.4577e+03
-8.5000e-01   -6.0882e-04   1.3961e+03
-9.0000e-01   -6.7218e-04   1.3389e+03
-9.5000e-01   -7.3252e-04   1.2969e+03
-1.0000e+00   -8.0188e-04   1.2471e+03
-1.0500e+00   -8.5904e-04   1.2223e+03
-1.1000e+00   -9.4404e-04   1.1652e+03
-1.1500e+00   -1.1123e-03   1.0339e+03
-1.2000e+00   -1.2152e-03   9.8749e+02
-1.2500e+00   -1.3364e-03   9.3535e+02
-1.3000e+00   -1.4664e-03   8.8652e+02
-1.3500e+00   -1.5962e-03   8.4576e+02
-1.4000e+00   -1.7234e-03   8.1235e+02
-1.4500e+00   -1.8494e-03   7.8404e+02
-1.5000e+00   -1.9782e-03   7.5827e+02
-1.5500e+00   -2.1288e-03   7.2811e+02
-1.6000e+00   -2.2708e-03   7.0460e+02
-1.6500e+00   -2.4262e-03   6.8008e+02
-1.7000e+00   -2.5764e-03   6.5984e+02
-1.7500e+00   -2.7154e-03   6.4447e+02
-1.8000e+00   -2.8720e-03   6.2674e+02
-1.8500e+00   -3.0192e-03   6.1275e+02
-1.9000e+00   -3.1672e-03   5.9990e+02
-1.9500e+00   -3.3342e-03   5.8485e+02
-2.0000e+00   -3.4868e-03   5.7359e+02
-2.0500e+00   -3.6312e-03   5.6455e+02
-2.1000e+00   -3.7670e-03   5.5747e+02
-2.1500e+00   -3.9016e-03   5.5106e+02
-2.2000e+00   -4.0556e-03   5.4246e+02
-2.2500e+00   -4.1910e-03   5.3686e+02
-2.3000e+00   -4.3258e-03   5.3169e+02
-2.3500e+00   -4.4626e-03   5.2660e+02
-2.4000e+00   -4.5852e-03   5.2342e+02
-2.4500e+00   -4.6974e-03   5.2157e+02
-2.5000e+00   -4.8020e-03   5.2062e+02
-2.5500e+00   -4.9188e-03   5.1842e+02
-2.6000e+00   -5.0358e-03   5.1630e+02
-2.6500e+00   -5.1612e-03   5.1345e+02
-2.7000e+00   -5.2808e-03   5.1129e+02
-2.7500e+00   -5.4222e-03   5.0717e+02
-2.8000e+00   -5.5666e-03   5.0300e+02
-2.8500e+00   -5.7198e-03   4.9827e+02
-2.9000e+00   -5.9018e-03   4.9138e+02
-2.9500e+00   -6.0864e-03   4.8469e+02
-3.0000e+00   -6.2832e-03   4.7746e+02
-3.0000e+00   -6.2964e-03   4.7646e+02
-2.9500e+00   -6.1590e-03   4.7897e+02
-2.9000e+00   -5.9978e-03   4.8351e+02
-2.8500e+00   -5.8410e-03   4.8793e+02
-2.8000e+00   -5.6868e-03   4.9237e+02
-2.7500e+00   -5.5190e-03   4.9828e+02
-2.7000e+00   -5.3624e-03   5.0351e+02
-2.6500e+00   -5.2066e-03   5.0897e+02
-2.6000e+00   -5.0556e-03   5.1428e+02
-2.5500e+00   -4.8940e-03   5.2105e+02
-2.5000e+00   -4.7402e-03   5.2740e+02
-2.4500e+00   -4.5868e-03   5.3414e+02
-2.4000e+00   -4.4284e-03   5.4196e+02
-2.3500e+00   -4.2762e-03   5.4955e+02
-2.3000e+00   -4.1220e-03   5.5798e+02
-2.2500e+00   -3.9760e-03   5.6590e+02
-2.2000e+00   -3.8302e-03   5.7438e+02
-2.1500e+00   -3.6794e-03   5.8433e+02
-2.1000e+00   -3.5330e-03   5.9440e+02
-2.0500e+00   -3.3886e-03   6.0497e+02
-2.0000e+00   -3.2414e-03   6.1702e+02
-1.9500e+00   -3.0978e-03   6.2948e+02
-1.9000e+00   -2.9572e-03   6.4250e+02
-1.8500e+00   -2.8162e-03   6.5691e+02
-1.8000e+00   -2.6802e-03   6.7159e+02
-1.7500e+00   -2.5436e-03   6.8800e+02
-1.7000e+00   -2.4082e-03   7.0592e+02
-1.6500e+00   -2.2752e-03   7.2521e+02
-1.6000e+00   -2.1442e-03   7.4620e+02
-1.5500e+00   -2.0166e-03   7.6862e+02
-1.5000e+00   -1.8898e-03   7.9373e+02
-1.4500e+00   -1.7662e-03   8.2097e+02
-1.4000e+00   -1.6468e-03   8.5013e+02
-1.3500e+00   -1.5302e-03   8.8224e+02
-1.3000e+00   -1.4158e-03   9.1821e+02
-1.2500e+00   -1.3058e-03   9.5727e+02
-1.2000e+00   -1.2002e-03   9.9983e+02
-1.1500e+00   -1.0978e-03   1.0475e+03
-1.1000e+00   -1.0018e-03   1.0980e+03
-1.0500e+00   -9.0852e-04   1.1557e+03
-1.0000e+00   -8.2014e-04   1.2193e+03
-9.5000e-01   -7.3772e-04   1.2878e+03
-9.0000e-01   -6.5944e-04   1.3648e+03
-8.5000e-01   -5.8602e-04   1.4505e+03
-8.0000e-01   -5.1868e-04   1.5424e+03
-7.5000e-01   -4.5632e-04   1.6436e+03
-7.0000e-01   -3.9832e-04   1.7574e+03
-6.5000e-01   -3.4504e-04   1.8838e+03
-6.0000e-01   -2.9632e-04   2.0248e+03
-5.5000e-01   -2.5208e-04   2.1818e+03
-5.0000e-01   -2.1198e-04   2.3587e+03
-4.5000e-01   -1.7630e-04   2.5525e+03
-4.0000e-01   -1.4440e-04   2.7701e+03
-3.5000e-01   -1.1624e-04   3.0110e+03
-3.0000e-01   -9.1564e-05   3.2764e+03
-2.5000e-01   -7.0080e-05   3.5674e+03
-2.0000e-01   -5.1538e-05   3.8806e+03
-1.5000e-01   -3.5528e-05   4.2220e+03
-1.0000e-01   -2.2058e-05   4.5335e+03
-5.0000e-02   -1.0450e-05   4.7847e+03
0.0000e+00   4.0279e-08   0.0000e+00
0.0000e+00   3.7738e-08   0.0000e+00
5.0000e-02   1.0466e-05   4.7774e+03
1.0000e-01   2.1916e-05   4.5629e+03
1.5000e-01   3.5400e-05   4.2373e+03
2.0000e-01   5.1270e-05   3.9009e+03
2.5000e-01   6.9628e-05   3.5905e+03
3.0000e-01   9.1102e-05   3.2930e+03
3.5000e-01   1.1408e-04   3.0680e+03
4.0000e-01   1.4146e-04   2.8277e+03
4.5000e-01   1.7284e-04   2.6036e+03
5.0000e-01   2.0700e-04   2.4155e+03
5.5000e-01   2.4638e-04   2.2323e+03
6.0000e-01   2.9010e-04   2.0683e+03
6.5000e-01   3.3822e-04   1.9218e+03
7.0000e-01   3.8962e-04   1.7966e+03
7.5000e-01   4.4460e-04   1.6869e+03
8.0000e-01   5.0472e-04   1.5850e+03
8.5000e-01   5.6738e-04   1.4981e+03
9.0000e-01   6.4228e-04   1.4013e+03
9.5000e-01   7.1816e-04   1.3228e+03
1.0000e+00   8.1092e-04   1.2332e+03
1.0500e+00   9.0526e-04   1.1599e+03
1.1000e+00   1.0050e-03   1.0946e+03
1.1500e+00   1.1078e-03   1.0381e+03
1.2000e+00   1.2440e-03   9.6463e+02
1.2500e+00   1.3496e-03   9.2620e+02
1.3000e+00   1.4824e-03   8.7696e+02
1.3500e+00   1.6034e-03   8.4196e+02
1.4000e+00   1.7438e-03   8.0284e+02
1.4500e+00   1.8584e-03   7.8024e+02
1.5000e+00   2.0040e-03   7.4850e+02
1.5500e+00   2.1390e-03   7.2464e+02
1.6000e+00   2.2866e-03   6.9973e+02
1.6500e+00   2.4274e-03   6.7974e+02
1.7000e+00   2.5698e-03   6.6153e+02
1.7500e+00   2.7146e-03   6.4466e+02
1.8000e+00   2.8494e-03   6.3171e+02
1.8500e+00   2.9898e-03   6.1877e+02
1.9000e+00   3.1268e-03   6.0765e+02
1.9500e+00   3.2592e-03   5.9831e+02
2.0000e+00   3.3904e-03   5.8990e+02
2.0500e+00   3.5132e-03   5.8351e+02
2.1000e+00   3.5912e-03   5.8476e+02
2.1500e+00   3.5858e-03   5.9959e+02
2.2000e+00   3.5136e-03   6.2614e+02
2.2500e+00   3.3826e-03   6.6517e+02
2.2500e+00   3.2340e-03   6.9573e+02
2.2000e+00   2.9940e-03   7.3480e+02
2.1500e+00   2.8816e-03   7.4611e+02
2.1000e+00   2.7526e-03   7.6292e+02
2.0500e+00   2.6448e-03   7.7511e+02
2.0000e+00   2.5276e-03   7.9126e+02
1.9500e+00   2.4112e-03   8.0873e+02
1.9000e+00   2.3168e-03   8.2010e+02
1.8500e+00   2.2238e-03   8.3191e+02
1.8000e+00   2.1166e-03   8.5042e+02
1.7500e+00   2.0218e-03   8.6557e+02
1.7000e+00   1.9158e-03   8.8736e+02
1.6500e+00   1.8168e-03   9.0819e+02
1.6000e+00   1.7194e-03   9.3056e+02
1.5500e+00   1.6324e-03   9.4952e+02
1.5000e+00   1.5376e-03   9.7555e+02
1.4500e+00   1.4466e-03   1.0024e+03
1.4000e+00   1.3566e-03   1.0320e+03
1.3500e+00   1.2728e-03   1.0607e+03
1.3000e+00   1.1952e-03   1.0877e+03
1.2500e+00   1.1158e-03   1.1203e+03
1.2000e+00   1.0364e-03   1.1579e+03
1.1500e+00   9.6330e-04   1.1938e+03
1.1000e+00   8.9272e-04   1.2322e+03
1.0500e+00   8.2270e-04   1.2763e+03
1.0000e+00   7.5570e-04   1.3233e+03
9.5000e-01   6.9450e-04   1.3679e+03
9.0000e-01   6.3412e-04   1.4193e+03
8.5000e-01   5.7752e-04   1.4718e+03
8.0000e-01   5.2390e-04   1.5270e+03
7.5000e-01   4.7266e-04   1.5868e+03
7.0000e-01   4.2458e-04   1.6487e+03
6.5000e-01   3.7876e-04   1.7161e+03
6.0000e-01   3.3580e-04   1.7868e+03
5.5000e-01   2.9602e-04   1.8580e+03
5.0000e-01   2.5866e-04   1.9330e+03
4.5000e-01   2.2370e-04   2.0116e+03
4.0000e-01   1.9074e-04   2.0971e+03
3.5000e-01   1.6020e-04   2.1848e+03
3.0000e-01   1.3196e-04   2.2734e+03
2.5000e-01   1.0606e-04   2.3572e+03
2.0000e-01   8.1936e-05   2.4409e+03
1.5000e-01   5.9568e-05   2.5181e+03
1.0000e-01   3.8876e-05   2.5723e+03
5.0000e-02   1.9244e-05   2.5982e+03
0.0000e+00   6.4208e-08   0.0000e+00
