  Measurement Number     Measurement type
                   8                DC IV

      Measurement ID             SeriesID
       739707.686110                   81

         MeasureMode                Bias1                Bias2
                   2                    2                   -1

                Step  Positive compliance  Negative compliance
                0.05                1e-05                1e-06

  RealMeasuredPoints
                 124

        Bias        Current     Resistance
0.0000e+00   7.2700e-12   0.0000e+00
5.0000e-02   -8.1000e-12   -6.1728e+09
1.0000e-01   -9.3700e-12   -1.0672e+10
1.5000e-01   8.2100e-12   1.8270e+10
2.0000e-01   1.2810e-11   1.5613e+10
2.5000e-01   1.3450e-11   1.8587e+10
3.0000e-01   -3.8900e-12   -7.7121e+10
3.5000e-01   -2.5400e-12   -1.3780e+11
4.0000e-01   1.2190e-11   3.2814e+10
4.5000e-01   2.5880e-11   1.7388e+10
5.0000e-01   1.3520e-11   3.6982e+10
5.5000e-01   -6.0000e-13   -9.1667e+11
6.0000e-01   9.1500e-12   6.5574e+10
6.5000e-01   3.4910e-11   1.8619e+10
7.0000e-01   4.9280e-11   1.4205e+10
7.5000e-01   4.2390e-11   1.7693e+10
8.0000e-01   9.9961e-06   8.0031e+04
8.5000e-01   1.0001e-05   8.4989e+04
9.0000e-01   1.0001e-05   8.9993e+04
9.5000e-01   9.9972e-06   9.5027e+04
1.0000e+00   1.0000e-05   1.0000e+05
1.0500e+00   9.9991e-06   1.0501e+05
1.1000e+00   9.9954e-06   1.1005e+05
1.1500e+00   9.9983e-06   1.1502e+05
1.2000e+00   1.0001e-05   1.1999e+05
1.2500e+00   1.0003e-05   1.2497e+05
1.3000e+00   9.9976e-06   1.3003e+05
1.3500e+00   1.0000e-05   1.3499e+05
1.4000e+00   9.9984e-06   1.4002e+05
1.4500e+00   1.0000e-05   1.4500e+05
1.5000e+00   9.9969e-06   1.5005e+05
1.5500e+00   9.9992e-06   1.5501e+05
1.6000e+00   9.9998e-06   1.6000e+05
1.6500e+00   1.0003e-05   1.6496e+05
1.7000e+00   1.0002e-05   1.6997e+05
1.7500e+00   1.0003e-05   1.7495e+05
1.8000e+00   9.9998e-06   1.8000e+05
1.8500e+00   9.9994e-06   1.8501e+05
1.9000e+00   9.9953e-06   1.9009e+05
1.9500e+00   1.0003e-05   1.9494e+05
2.0000e+00   9.9993e-06   2.0001e+05
2.0000e+00   1.0000e-05   2.0000e+05
1.9500e+00   9.9991e-06   1.9502e+05
1.9000e+00   1.0001e-05   1.8999e+05
1.8500e+00   1.0006e-05   1.8490e+05
1.8000e+00   9.9999e-06   1.8000e+05
1.7500e+00   1.0001e-05   1.7498e+05
1.7000e+00   9.9998e-06   1.7000e+05
1.6500e+00   9.9996e-06   1.6501e+05
1.6000e+00   1.0001e-05   1.5998e+05
1.5500e+00   1.0000e-05   1.5500e+05
1.5000e+00   1.0000e-05   1.5000e+05
1.4500e+00   9.9997e-06   1.4500e+05
1.4000e+00   9.9998e-06   1.4000e+05
1.3500e+00   1.0000e-05   1.3500e+05
1.3000e+00   1.0002e-05   1.2997e+05
1.2500e+00   9.9993e-06   1.2501e+05
1.2000e+00   1.0003e-05   1.1996e+05
1.1500e+00   9.9983e-06   1.1502e+05
1.1000e+00   1.0001e-05   1.0999e+05
1.0500e+00   1.0000e-05   1.0500e+05
1.0000e+00   9.9996e-06   1.0000e+05
9.5000e-01   1.0001e-05   9.4991e+04
9.0000e-01   1.0000e-05   8.9996e+04
8.5000e-01   1.0000e-05   8.4999e+04
8.0000e-01   1.0000e-05   7.9999e+04
7.5000e-01   1.0000e-05   7.5000e+04
7.0000e-01   9.9999e-06   7.0001e+04
6.5000e-01   9.9999e-06   6.5001e+04
6.0000e-01   1.0000e-05   6.0000e+04
5.5000e-01   9.9999e-06   5.5001e+04
5.0000e-01   1.0000e-05   4.9999e+04
4.5000e-01   9.9998e-06   4.5001e+04
4.0000e-01   9.9921e-06   4.0032e+04
3.5000e-01   6.9834e-06   5.0119e+04
3.0000e-01   3.1079e-06   9.6528e+04
2.5000e-01   2.3973e-06   1.0428e+05
2.0000e-01   1.4440e-06   1.3850e+05
1.5000e-01   1.5700e-12   9.5541e+10
1.0000e-01   -9.1000e-12   -1.0989e+10
5.0000e-02   -1.7580e-11   -2.8441e+09
0.0000e+00   -9.2900e-12   -0.0000e+00
0.0000e+00   2.6000e-13   0.0000e+00
-5.0000e-02   -9.8200e-12   5.0916e+09
-1.0000e-01   -1.9140e-11   5.2247e+09
-1.5000e-01   -3.9600e-12   3.7879e+10
-2.0000e-01   9.1500e-12   -2.1858e+10
-2.5000e-01   1.0930e-11   -2.2873e+10
-3.0000e-01   -1.0370e-11   2.8930e+10
-3.5000e-01   -1.5200e-11   2.3026e+10
-4.0000e-01   5.7700e-12   -6.9324e+10
-4.5000e-01   8.9300e-12   -5.0392e+10
-5.0000e-01   -1.0560e-11   4.7348e+10
-5.5000e-01   -1.7710e-11   3.1056e+10
-6.0000e-01   -2.8700e-12   2.0906e+11
-6.5000e-01   6.4200e-12   -1.0125e+11
-7.0000e-01   5.4200e-12   -1.2915e+11
-7.5000e-01   -1.2800e-11   5.8594e+10
-8.0000e-01   -2.6010e-11   3.0757e+10
-8.5000e-01   -1.2060e-11   7.0481e+10
-9.0000e-01   -4.8300e-12   1.8634e+11
-9.5000e-01   1.3900e-12   -6.8345e+11
-1.0000e+00   -2.0240e-11   4.9407e+10
-1.0000e+00   -9.3600e-12   1.0684e+11
-9.5000e-01   6.5500e-12   -1.4504e+11
-9.0000e-01   2.0900e-12   -4.3062e+11
-8.5000e-01   -1.2550e-11   6.7729e+10
-8.0000e-01   -1.2300e-11   6.5041e+10
-7.5000e-01   7.1000e-12   -1.0563e+11
-7.0000e-01   1.8470e-11   -3.7899e+10
-6.5000e-01   5.0100e-12   -1.2974e+11
-6.0000e-01   -8.1100e-12   7.3983e+10
-5.5000e-01   -4.5800e-12   1.2009e+11
-5.0000e-01   1.8500e-11   -2.7027e+10
-4.5000e-01   1.6040e-11   -2.8055e+10
-4.0000e-01   5.5000e-13   -7.2727e+11
-3.5000e-01   -9.2800e-12   3.7716e+10
-3.0000e-01   7.0800e-12   -4.2373e+10
-2.5000e-01   1.9220e-11   -1.3007e+10
-2.0000e-01   -4.9100e-12   4.0733e+10
-1.5000e-01   -1.2160e-11   1.2336e+10
-1.0000e-01   -1.0610e-11   9.4251e+09
-5.0000e-02   3.7900e-12   -1.3193e+10
0.0000e+00   1.9600e-11   0.0000e+00
