  Measurement Number     Measurement type
                  66                DC IV

      Measurement ID             SeriesID
       739707.675682                   98

         MeasureMode                Bias1                Bias2
                   2                    2                   -1

                Step  Positive compliance  Negative compliance
                0.05                1e-06                1e-06

  RealMeasuredPoints
                 124

        Bias        Current     Resistance
0.0000e+00   -9.8000e-13   -0.0000e+00
5.0000e-02   5.0000e-14   1.0000e+12
1.0000e-01   -9.1500e-12   -1.0929e+10
1.5000e-01   3.5000e-13   4.2857e+11
2.0000e-01   8.1200e-12   2.4631e+10
2.5000e-01   1.3810e-11   1.8103e+10
3.0000e-01   4.9700e-12   6.0362e+10
3.5000e-01   5.6000e-13   6.2500e+11
4.0000e-01   -1.2700e-12   -3.1496e+11
4.5000e-01   8.9700e-12   5.0167e+10
5.0000e-01   1.3240e-11   3.7764e+10
5.5000e-01   1.4600e-11   3.7671e+10
6.0000e-01   -2.5400e-12   -2.3622e+11
6.5000e-01   -9.1000e-13   -7.1429e+11
7.0000e-01   7.9500e-12   8.8050e+10
7.5000e-01   1.7900e-11   4.1899e+10
8.0000e-01   1.7270e-11   4.6323e+10
8.5000e-01   6.6790e-11   1.2726e+10
9.0000e-01   2.0861e-09   4.3143e+08
9.5000e-01   1.5946e-09   5.9576e+08
1.0000e+00   1.6953e-09   5.8987e+08
1.0500e+00   4.1018e-07   2.5599e+06
1.1000e+00   6.4566e-07   1.7037e+06
1.1500e+00   6.4850e-07   1.7733e+06
1.2000e+00   1.0000e-06   1.2000e+06
1.2500e+00   1.0000e-06   1.2500e+06
1.3000e+00   1.0000e-06   1.3000e+06
1.3500e+00   1.0000e-06   1.3500e+06
1.4000e+00   1.0000e-06   1.4000e+06
1.4500e+00   1.0000e-06   1.4500e+06
1.5000e+00   9.9998e-07   1.5000e+06
1.5500e+00   1.0001e-06   1.5499e+06
1.6000e+00   1.0000e-06   1.6000e+06
1.6500e+00   9.9998e-07   1.6500e+06
1.7000e+00   1.0000e-06   1.7000e+06
1.7500e+00   9.9998e-07   1.7500e+06
1.8000e+00   1.0000e-06   1.8000e+06
1.8500e+00   1.0000e-06   1.8499e+06
1.9000e+00   1.0000e-06   1.8999e+06
1.9500e+00   1.0000e-06   1.9500e+06
2.0000e+00   1.0000e-06   1.9999e+06
2.0000e+00   1.0000e-06   1.9999e+06
1.9500e+00   1.0000e-06   1.9500e+06
1.9000e+00   1.0000e-06   1.8999e+06
1.8500e+00   9.9998e-07   1.8500e+06
1.8000e+00   1.0000e-06   1.8000e+06
1.7500e+00   1.0000e-06   1.7500e+06
1.7000e+00   1.0000e-06   1.7000e+06
1.6500e+00   1.0000e-06   1.6499e+06
1.6000e+00   1.0000e-06   1.6000e+06
1.5500e+00   1.0000e-06   1.5499e+06
1.5000e+00   9.9998e-07   1.5000e+06
1.4500e+00   1.0000e-06   1.4499e+06
1.4000e+00   1.0000e-06   1.4000e+06
1.3500e+00   1.0001e-06   1.3499e+06
1.3000e+00   1.0000e-06   1.2999e+06
1.2500e+00   1.0000e-06   1.2500e+06
1.2000e+00   1.0000e-06   1.2000e+06
1.1500e+00   9.9998e-07   1.1500e+06
1.1000e+00   1.0000e-06   1.1000e+06
1.0500e+00   1.0001e-06   1.0499e+06
1.0000e+00   1.0001e-06   9.9994e+05
9.5000e-01   1.0000e-06   9.5000e+05
9.0000e-01   8.0832e-07   1.1134e+06
8.5000e-01   7.7874e-07   1.0915e+06
8.0000e-01   7.1304e-07   1.1220e+06
7.5000e-01   6.0668e-07   1.2362e+06
7.0000e-01   6.0756e-07   1.1521e+06
6.5000e-01   5.6582e-07   1.1488e+06
6.0000e-01   3.9824e-07   1.5066e+06
5.5000e-01   3.4890e-07   1.5764e+06
5.0000e-01   2.7518e-07   1.8170e+06
4.5000e-01   2.0946e-07   2.1484e+06
4.0000e-01   1.5890e-07   2.5173e+06
3.5000e-01   1.0438e-07   3.3531e+06
3.0000e-01   6.0670e-08   4.9448e+06
2.5000e-01   4.8782e-08   5.1248e+06
2.0000e-01   4.9464e-09   4.0433e+07
1.5000e-01   -1.7230e-11   -8.7057e+09
1.0000e-01   -1.0580e-11   -9.4518e+09
5.0000e-02   1.9200e-12   2.6042e+10
0.0000e+00   1.2100e-12   0.0000e+00
0.0000e+00   4.5100e-12   0.0000e+00
-5.0000e-02   5.3800e-12   -9.2937e+09
-1.0000e-01   -3.9700e-12   2.5189e+10
-1.5000e-01   -1.1560e-11   1.2976e+10
-2.0000e-01   -6.1700e-12   3.2415e+10
-2.5000e-01   2.4100e-12   -1.0373e+11
-3.0000e-01   8.2200e-12   -3.6496e+10
-3.5000e-01   1.4000e-13   -2.5000e+12
-4.0000e-01   -6.5600e-12   6.0976e+10
-4.5000e-01   -1.3650e-11   3.2967e+10
-5.0000e-01   -1.4800e-12   3.3784e+11
-5.5000e-01   2.5700e-12   -2.1401e+11
-6.0000e-01   -8.2900e-12   7.2376e+10
-6.5000e-01   -1.5540e-11   4.1828e+10
-7.0000e-01   -1.2110e-11   5.7803e+10
-7.5000e-01   -4.1900e-12   1.7900e+11
-8.0000e-01   2.2000e-13   -3.6364e+12
-8.5000e-01   -2.4000e-12   3.5417e+11
-9.0000e-01   -1.2100e-11   7.4380e+10
-9.5000e-01   -1.8110e-11   5.2457e+10
-1.0000e+00   -1.2590e-11   7.9428e+10
-1.0000e+00   -1.0990e-11   9.0992e+10
-9.5000e-01   -1.4970e-11   6.3460e+10
-9.0000e-01   -1.7490e-11   5.1458e+10
-8.5000e-01   -1.2870e-11   6.6045e+10
-8.0000e-01   -1.2100e-12   6.6116e+11
-7.5000e-01   7.3300e-12   -1.0232e+11
-7.0000e-01   7.3000e-12   -9.5890e+10
-6.5000e-01   -1.0800e-12   6.0185e+11
-6.0000e-01   -6.0000e-12   1.0000e+11
-5.5000e-01   5.3000e-12   -1.0377e+11
-5.0000e-01   1.1480e-11   -4.3554e+10
-4.5000e-01   3.0200e-12   -1.4901e+11
-4.0000e-01   -5.0800e-12   7.8740e+10
-3.5000e-01   -6.6800e-12   5.2395e+10
-3.0000e-01   4.3800e-12   -6.8493e+10
-2.5000e-01   8.8500e-12   -2.8249e+10
-2.0000e-01   1.2330e-11   -1.6221e+10
-1.5000e-01   6.9100e-12   -2.1708e+10
-1.0000e-01   -1.2000e-13   8.3333e+11
-5.0000e-02   -9.1900e-12   5.4407e+09
0.0000e+00   -7.7800e-12   -0.0000e+00
