  Measurement Number     Measurement type
                   6                DC IV

      Measurement ID             SeriesID
       739912.820097                   49

         MeasureMode                Bias1                Bias2
                   2                    2                   -1

                Step  Positive compliance  Negative compliance
                0.05                1e-06                1e-06

  RealMeasuredPoints
                 124

        Bias        Current     Resistance
0.0000e+00   1.3640e-11   0.0000e+00
5.0000e-02   4.5100e-12   1.1086e+10
1.0000e-01   -3.4700e-12   -2.8818e+10
1.5000e-01   7.5600e-12   1.9841e+10
2.0000e-01   -1.0280e-11   -1.9455e+10
2.5000e-01   1.3430e-11   1.8615e+10
3.0000e-01   1.2980e-11   2.3112e+10
3.5000e-01   -4.4500e-12   -7.8652e+10
4.0000e-01   2.0830e-11   1.9203e+10
4.5000e-01   1.5260e-11   2.9489e+10
5.0000e-01   1.0210e-11   4.8972e+10
5.5000e-01   -4.1600e-12   -1.3221e+11
6.0000e-01   -4.9100e-12   -1.2220e+11
6.5000e-01   1.5070e-11   4.3132e+10
7.0000e-01   1.7980e-11   3.8932e+10
7.5000e-01   -4.2500e-12   -1.7647e+11
8.0000e-01   2.3970e-11   3.3375e+10
8.5000e-01   2.1550e-11   3.9443e+10
9.0000e-01   2.8830e-11   3.1217e+10
9.5000e-01   2.8010e-11   3.3916e+10
1.0000e+00   1.7800e-11   5.6180e+10
1.0500e+00   2.0930e-11   5.0167e+10
1.1000e+00   2.7990e-11   3.9300e+10
1.1500e+00   3.2420e-11   3.5472e+10
1.2000e+00   3.8286e-07   3.1343e+06
1.2500e+00   3.6118e-07   3.4609e+06
1.3000e+00   3.6182e-07   3.5929e+06
1.3500e+00   8.4858e-07   1.5909e+06
1.4000e+00   9.9992e-07   1.4001e+06
1.4500e+00   9.9986e-07   1.4502e+06
1.5000e+00   1.0000e-06   1.5000e+06
1.5500e+00   9.9994e-07   1.5501e+06
1.6000e+00   1.0000e-06   1.6000e+06
1.6500e+00   1.0000e-06   1.6499e+06
1.7000e+00   1.0000e-06   1.7000e+06
1.7500e+00   1.0000e-06   1.7500e+06
1.8000e+00   1.0000e-06   1.7999e+06
1.8500e+00   1.0000e-06   1.8500e+06
1.9000e+00   1.0000e-06   1.9000e+06
1.9500e+00   1.0000e-06   1.9500e+06
2.0000e+00   1.0000e-06   2.0000e+06
2.0000e+00   1.0000e-06   2.0000e+06
1.9500e+00   1.0000e-06   1.9500e+06
1.9000e+00   1.0000e-06   1.8999e+06
1.8500e+00   1.0000e-06   1.8500e+06
1.8000e+00   9.9998e-07   1.8000e+06
1.7500e+00   1.0000e-06   1.7500e+06
1.7000e+00   1.0000e-06   1.7000e+06
1.6500e+00   1.0000e-06   1.6500e+06
1.6000e+00   9.9998e-07   1.6000e+06
1.5500e+00   1.0000e-06   1.5500e+06
1.5000e+00   1.0000e-06   1.5000e+06
1.4500e+00   1.0000e-06   1.4500e+06
1.4000e+00   1.0001e-06   1.3999e+06
1.3500e+00   1.0000e-06   1.3500e+06
1.3000e+00   1.0000e-06   1.3000e+06
1.2500e+00   9.9986e-07   1.2502e+06
1.2000e+00   1.0000e-06   1.2000e+06
1.1500e+00   1.0000e-06   1.1500e+06
1.1000e+00   1.0000e-06   1.1000e+06
1.0500e+00   7.4526e-07   1.4089e+06
1.0000e+00   7.6326e-07   1.3102e+06
9.5000e-01   5.2592e-07   1.8064e+06
9.0000e-01   5.1232e-07   1.7567e+06
8.5000e-01   4.4114e-07   1.9268e+06
8.0000e-01   3.9576e-07   2.0214e+06
7.5000e-01   3.7054e-07   2.0241e+06
7.0000e-01   2.4982e-07   2.8020e+06
6.5000e-01   2.2528e-07   2.8853e+06
6.0000e-01   2.0912e-07   2.8692e+06
5.5000e-01   1.8780e-07   2.9286e+06
5.0000e-01   4.0000e-11   1.2500e+10
4.5000e-01   -9.6800e-12   -4.6488e+10
4.0000e-01   -1.4000e-11   -2.8571e+10
3.5000e-01   -2.3000e-13   -1.5217e+12
3.0000e-01   -2.1090e-11   -1.4225e+10
2.5000e-01   -1.6510e-11   -1.5142e+10
2.0000e-01   -7.2600e-12   -2.7548e+10
1.5000e-01   -8.4400e-12   -1.7773e+10
1.0000e-01   -1.7740e-11   -5.6370e+09
5.0000e-02   -2.5100e-12   -1.9920e+10
0.0000e+00   -1.3300e-12   -0.0000e+00
0.0000e+00   2.6700e-12   0.0000e+00
-5.0000e-02   7.2100e-12   -6.9348e+09
-1.0000e-01   -8.5300e-12   1.1723e+10
-1.5000e-01   -2.0980e-11   7.1497e+09
-2.0000e-01   -1.8320e-11   1.0917e+10
-2.5000e-01   -3.0600e-12   8.1699e+10
-3.0000e-01   -2.9200e-12   1.0274e+11
-3.5000e-01   -1.7170e-11   2.0384e+10
-4.0000e-01   -2.4150e-11   1.6563e+10
-4.5000e-01   -1.8780e-11   2.3962e+10
-5.0000e-01   -1.2440e-11   4.0193e+10
-5.5000e-01   -3.6700e-12   1.4986e+11
-6.0000e-01   -1.8900e-11   3.1746e+10
-6.5000e-01   1.6100e-12   -4.0373e+11
-7.0000e-01   -2.7800e-12   2.5180e+11
-7.5000e-01   -2.8170e-11   2.6624e+10
-8.0000e-01   -2.3160e-11   3.4542e+10
-8.5000e-01   -3.4900e-11   2.4355e+10
-9.0000e-01   -2.2770e-11   3.9526e+10
-9.5000e-01   -2.3190e-11   4.0966e+10
-1.0000e+00   -2.3140e-11   4.3215e+10
-1.0000e+00   -4.3100e-11   2.3202e+10
-9.5000e-01   -3.0420e-11   3.1229e+10
-9.0000e-01   2.5000e-12   -3.6000e+11
-8.5000e-01   -5.7100e-12   1.4886e+11
-8.0000e-01   -7.8000e-12   1.0256e+11
-7.5000e-01   1.2210e-11   -6.1425e+10
-7.0000e-01   -1.7060e-11   4.1032e+10
-6.5000e-01   -2.4400e-12   2.6639e+11
-6.0000e-01   -1.3050e-11   4.5977e+10
-5.5000e-01   -1.1350e-11   4.8458e+10
-5.0000e-01   3.0800e-12   -1.6234e+11
-4.5000e-01   6.0700e-12   -7.4135e+10
-4.0000e-01   7.1000e-12   -5.6338e+10
-3.5000e-01   1.2250e-11   -2.8571e+10
-3.0000e-01   9.9000e-12   -3.0303e+10
-2.5000e-01   -7.5900e-12   3.2938e+10
-2.0000e-01   2.1330e-11   -9.3765e+09
-1.5000e-01   -1.8900e-12   7.9365e+10
-1.0000e-01   2.8300e-12   -3.5336e+10
-5.0000e-02   2.1170e-11   -2.3618e+09
0.0000e+00   -7.7900e-12   -0.0000e+00
