  Measurement Number     Measurement type
                  13                DC IV

      Measurement ID             SeriesID
       739704.741639                   10

         MeasureMode                Bias1                Bias2
                   2                    2                   -1

                Step  Positive compliance  Negative compliance
                0.05                1e-06                1e-06

  RealMeasuredPoints
                 124

        Bias        Current     Resistance
0.0000e+00   -1.1250e-11   -0.0000e+00
5.0000e-02   5.4187e-10   9.2273e+07
1.0000e-01   1.3076e-09   7.6476e+07
1.5000e-01   2.0316e-09   7.3833e+07
2.0000e-01   3.0882e-09   6.4763e+07
2.5000e-01   4.1503e-09   6.0237e+07
3.0000e-01   4.9888e-09   6.0135e+07
3.5000e-01   6.0388e-09   5.7959e+07
4.0000e-01   6.5406e-09   6.1156e+07
4.5000e-01   6.5414e-09   6.8793e+07
5.0000e-01   7.0070e-09   7.1357e+07
5.5000e-01   7.8048e-09   7.0469e+07
6.0000e-01   8.3758e-09   7.1635e+07
6.5000e-01   9.8302e-09   6.6123e+07
7.0000e-01   1.1617e-08   6.0258e+07
7.5000e-01   1.1855e-08   6.3263e+07
8.0000e-01   1.3632e-08   5.8684e+07
8.5000e-01   1.5866e-08   5.3572e+07
9.0000e-01   2.1406e-08   4.2045e+07
9.5000e-01   2.3044e-08   4.1226e+07
1.0000e+00   2.9340e-08   3.4083e+07
1.0500e+00   4.0342e-08   2.6028e+07
1.1000e+00   4.8792e-08   2.2545e+07
1.1500e+00   5.8034e-08   1.9816e+07
1.2000e+00   1.1232e-07   1.0684e+07
1.2500e+00   4.8440e-07   2.5805e+06
1.3000e+00   6.2766e-07   2.0712e+06
1.3500e+00   1.0000e-06   1.3500e+06
1.4000e+00   9.9998e-07   1.4000e+06
1.4500e+00   1.0000e-06   1.4499e+06
1.5000e+00   1.0000e-06   1.4999e+06
1.5500e+00   1.0000e-06   1.5499e+06
1.6000e+00   1.0001e-06   1.5999e+06
1.6500e+00   1.0001e-06   1.6499e+06
1.7000e+00   1.0000e-06   1.6999e+06
1.7500e+00   1.0001e-06   1.7499e+06
1.8000e+00   1.0001e-06   1.7999e+06
1.8500e+00   1.0000e-06   1.8499e+06
1.9000e+00   9.9998e-07   1.9000e+06
1.9500e+00   1.0000e-06   1.9499e+06
2.0000e+00   1.0001e-06   1.9998e+06
2.0000e+00   1.0000e-06   1.9999e+06
1.9500e+00   9.9996e-07   1.9501e+06
1.9000e+00   1.0000e-06   1.8999e+06
1.8500e+00   1.0000e-06   1.8499e+06
1.8000e+00   1.0001e-06   1.7999e+06
1.7500e+00   1.0001e-06   1.7498e+06
1.7000e+00   1.0001e-06   1.6999e+06
1.6500e+00   1.0000e-06   1.6499e+06
1.6000e+00   1.0000e-06   1.5999e+06
1.5500e+00   1.0000e-06   1.5499e+06
1.5000e+00   1.0000e-06   1.5000e+06
1.4500e+00   1.0001e-06   1.4499e+06
1.4000e+00   1.0000e-06   1.3999e+06
1.3500e+00   1.0000e-06   1.3499e+06
1.3000e+00   1.0000e-06   1.3000e+06
1.2500e+00   1.0000e-06   1.2500e+06
1.2000e+00   1.0000e-06   1.2000e+06
1.1500e+00   1.0000e-06   1.1500e+06
1.1000e+00   1.0000e-06   1.1000e+06
1.0500e+00   1.0001e-06   1.0499e+06
1.0000e+00   1.0000e-06   9.9998e+05
9.5000e-01   7.4048e-07   1.2830e+06
9.0000e-01   3.6188e-07   2.4870e+06
8.5000e-01   3.0782e-07   2.7614e+06
8.0000e-01   1.0382e-07   7.7056e+06
7.5000e-01   7.0328e-08   1.0664e+07
7.0000e-01   4.8135e-08   1.4543e+07
6.5000e-01   4.1766e-08   1.5563e+07
6.0000e-01   2.6865e-08   2.2334e+07
5.5000e-01   1.9878e-08   2.7668e+07
5.0000e-01   1.6566e-08   3.0182e+07
4.5000e-01   1.4777e-08   3.0452e+07
4.0000e-01   1.0211e-08   3.9173e+07
3.5000e-01   9.2177e-09   3.7970e+07
3.0000e-01   5.7171e-09   5.2474e+07
2.5000e-01   4.3437e-09   5.7555e+07
2.0000e-01   3.1140e-09   6.4226e+07
1.5000e-01   2.1038e-09   7.1300e+07
1.0000e-01   1.2862e-09   7.7748e+07
5.0000e-02   6.0952e-10   8.2032e+07
0.0000e+00   -5.2500e-12   -0.0000e+00
0.0000e+00   -1.4300e-11   -0.0000e+00
-5.0000e-02   -5.8509e-10   8.5457e+07
-1.0000e-01   -1.1773e-09   8.4940e+07
-1.5000e-01   -1.8840e-09   7.9618e+07
-2.0000e-01   -2.7337e-09   7.3161e+07
-2.5000e-01   -3.7503e-09   6.6661e+07
-3.0000e-01   -4.8879e-09   6.1376e+07
-3.5000e-01   -5.9540e-09   5.8784e+07
-4.0000e-01   -7.6087e-09   5.2571e+07
-4.5000e-01   -9.1939e-09   4.8945e+07
-5.0000e-01   -1.1151e-08   4.4837e+07
-5.5000e-01   -1.3119e-08   4.1924e+07
-6.0000e-01   -1.4763e-08   4.0643e+07
-6.5000e-01   -1.7098e-08   3.8016e+07
-7.0000e-01   -1.9080e-08   3.6688e+07
-7.5000e-01   -2.1609e-08   3.4708e+07
-8.0000e-01   -2.3889e-08   3.3489e+07
-8.5000e-01   -2.6330e-08   3.2283e+07
-9.0000e-01   -2.9182e-08   3.0841e+07
-9.5000e-01   -3.1831e-08   2.9845e+07
-1.0000e+00   -3.4269e-08   2.9181e+07
-1.0000e+00   -3.4201e-08   2.9239e+07
-9.5000e-01   -3.1574e-08   3.0088e+07
-9.0000e-01   -2.9193e-08   3.0830e+07
-8.5000e-01   -2.6177e-08   3.2471e+07
-8.0000e-01   -2.3665e-08   3.3805e+07
-7.5000e-01   -2.1380e-08   3.5080e+07
-7.0000e-01   -1.9173e-08   3.6510e+07
-6.5000e-01   -1.6811e-08   3.8664e+07
-6.0000e-01   -1.4895e-08   4.0283e+07
-5.5000e-01   -1.2929e-08   4.2539e+07
-5.0000e-01   -1.0906e-08   4.5845e+07
-4.5000e-01   -9.4723e-09   4.7507e+07
-4.0000e-01   -7.7421e-09   5.1666e+07
-3.5000e-01   -6.0937e-09   5.7436e+07
-3.0000e-01   -4.8665e-09   6.1646e+07
-2.5000e-01   -3.8234e-09   6.5387e+07
-2.0000e-01   -2.7237e-09   7.3430e+07
-1.5000e-01   -1.8806e-09   7.9762e+07
-1.0000e-01   -1.1800e-09   8.4746e+07
-5.0000e-02   -5.4673e-10   9.1453e+07
0.0000e+00   6.1600e-12   0.0000e+00
