  Measurement Number     Measurement type
                   6                DC IV

      Measurement ID             SeriesID
       739913.602110                    0

         MeasureMode                Bias1                Bias2
                   2                  2.5                   -1

                Step  Positive compliance  Negative compliance
                0.05                1e-05                1e-06

  RealMeasuredPoints
                 144

        Bias        Current     Resistance
0.0000e+00   -5.5300e-12   -0.0000e+00
5.0000e-02   3.5200e-12   1.4205e+10
1.0000e-01   1.0000e-14   1.0000e+13
1.5000e-01   1.2980e-11   1.1556e+10
2.0000e-01   -9.7400e-12   -2.0534e+10
2.5000e-01   -2.0200e-12   -1.2376e+11
3.0000e-01   4.9000e-12   6.1224e+10
3.5000e-01   5.0000e-14   7.0000e+12
4.0000e-01   5.7900e-12   6.9085e+10
4.5000e-01   -1.0830e-11   -4.1551e+10
5.0000e-01   9.6700e-12   5.1706e+10
5.5000e-01   5.3400e-12   1.0300e+11
6.0000e-01   3.2300e-12   1.8576e+11
6.5000e-01   5.3900e-12   1.2059e+11
7.0000e-01   -4.0000e-14   -1.7500e+13
7.5000e-01   1.6590e-11   4.5208e+10
8.0000e-01   -2.6400e-12   -3.0303e+11
8.5000e-01   2.1000e-12   4.0476e+11
9.0000e-01   7.6000e-12   1.1842e+11
9.5000e-01   8.2800e-12   1.1473e+11
1.0000e+00   1.0710e-11   9.3371e+10
1.0500e+00   -3.5300e-12   -2.9745e+11
1.1000e+00   9.4500e-12   1.1640e+11
1.1500e+00   9.7500e-12   1.1795e+11
1.2000e+00   4.8400e-12   2.4793e+11
1.2500e+00   1.1470e-11   1.0898e+11
1.3000e+00   2.5000e-12   5.2000e+11
1.3500e+00   1.7560e-11   7.6879e+10
1.4000e+00   2.0910e-11   6.6954e+10
1.4500e+00   6.9440e-11   2.0881e+10
1.5000e+00   2.9606e-07   5.0665e+06
1.5500e+00   1.1532e-07   1.3441e+07
1.6000e+00   1.8424e-07   8.6843e+06
1.6500e+00   1.8746e-07   8.8019e+06
1.7000e+00   1.6868e-07   1.0078e+07
1.7500e+00   1.5592e-07   1.1224e+07
1.8000e+00   1.5350e-07   1.1726e+07
1.8500e+00   8.6872e-09   2.1296e+08
1.9000e+00   1.6590e-08   1.1453e+08
1.9500e+00   9.9998e-06   1.9500e+05
2.0000e+00   1.0003e-05   1.9994e+05
2.0500e+00   1.0000e-05   2.0500e+05
2.1000e+00   1.0000e-05   2.1000e+05
2.1500e+00   1.0001e-05   2.1498e+05
2.2000e+00   9.9997e-06   2.2001e+05
2.2500e+00   9.9999e-06   2.2500e+05
2.3000e+00   9.9983e-06   2.3004e+05
2.3500e+00   1.0000e-05   2.3499e+05
2.4000e+00   9.9953e-06   2.4011e+05
2.4500e+00   9.9999e-06   2.4500e+05
2.5000e+00   1.0001e-05   2.4999e+05
2.5000e+00   9.9998e-06   2.5001e+05
2.4500e+00   1.0001e-05   2.4499e+05
2.4000e+00   1.0000e-05   2.4000e+05
2.3500e+00   1.0000e-05   2.3499e+05
2.3000e+00   1.0000e-05   2.3000e+05
2.2500e+00   1.0000e-05   2.2500e+05
2.2000e+00   1.0000e-05   2.2000e+05
2.1500e+00   1.0000e-05   2.1500e+05
2.1000e+00   1.0000e-05   2.1000e+05
2.0500e+00   9.9999e-06   2.0500e+05
2.0000e+00   1.0000e-05   2.0000e+05
1.9500e+00   1.0000e-05   1.9500e+05
1.9000e+00   1.0000e-05   1.9000e+05
1.8500e+00   1.0000e-05   1.8500e+05
1.8000e+00   1.0000e-05   1.8000e+05
1.7500e+00   1.0000e-05   1.7500e+05
1.7000e+00   1.0000e-05   1.7000e+05
1.6500e+00   1.0000e-05   1.6500e+05
1.6000e+00   1.0000e-05   1.6000e+05
1.5500e+00   9.9998e-06   1.5500e+05
1.5000e+00   1.0001e-05   1.4999e+05
1.4500e+00   1.0000e-05   1.4500e+05
1.4000e+00   1.0000e-05   1.4000e+05
1.3500e+00   1.0001e-05   1.3499e+05
1.3000e+00   1.0000e-05   1.3000e+05
1.2500e+00   9.9979e-06   1.2503e+05
1.2000e+00   1.0000e-05   1.2000e+05
1.1500e+00   9.9942e-06   1.1507e+05
1.1000e+00   1.0001e-05   1.0999e+05
1.0500e+00   9.9998e-06   1.0500e+05
1.0000e+00   1.0000e-05   9.9997e+04
9.5000e-01   1.0000e-05   9.4998e+04
9.0000e-01   9.9989e-06   9.0010e+04
8.5000e-01   9.9993e-06   8.5006e+04
8.0000e-01   9.9997e-06   8.0002e+04
7.5000e-01   9.9998e-06   7.5002e+04
7.0000e-01   9.9999e-06   7.0001e+04
6.5000e-01   4.0977e-06   1.5863e+05
6.0000e-01   3.6105e-06   1.6618e+05
5.5000e-01   3.1026e-06   1.7727e+05
5.0000e-01   2.8041e-06   1.7831e+05
4.5000e-01   1.0000e-05   4.4999e+04
4.0000e-01   3.9686e-06   1.0079e+05
3.5000e-01   1.0388e-06   3.3693e+05
3.0000e-01   4.3854e-07   6.8409e+05
2.5000e-01   3.2452e-07   7.7037e+05
2.0000e-01   3.2734e-07   6.1099e+05
1.5000e-01   1.9152e-07   7.8321e+05
1.0000e-01   3.1939e-08   3.1310e+06
5.0000e-02   1.9332e-08   2.5864e+06
0.0000e+00   -1.2890e-11   -0.0000e+00
0.0000e+00   -3.2700e-12   -0.0000e+00
-5.0000e-02   -4.3000e-13   1.1628e+11
-1.0000e-01   -7.8600e-12   1.2723e+10
-1.5000e-01   8.5400e-12   -1.7564e+10
-2.0000e-01   -8.5700e-12   2.3337e+10
-2.5000e-01   -6.7500e-12   3.7037e+10
-3.0000e-01   -3.1900e-12   9.4044e+10
-3.5000e-01   -8.3400e-12   4.1966e+10
-4.0000e-01   9.9100e-12   -4.0363e+10
-4.5000e-01   -6.5800e-12   6.8389e+10
-5.0000e-01   -5.8500e-12   8.5470e+10
-5.5000e-01   -3.8600e-12   1.4249e+11
-6.0000e-01   -5.7800e-12   1.0381e+11
-6.5000e-01   5.8000e-13   -1.1207e+12
-7.0000e-01   -1.7930e-11   3.9041e+10
-7.5000e-01   -6.7800e-12   1.1062e+11
-8.0000e-01   -6.1000e-12   1.3115e+11
-8.5000e-01   -8.8400e-12   9.6154e+10
-9.0000e-01   2.0200e-12   -4.4554e+11
-9.5000e-01   -1.5900e-11   5.9748e+10
-1.0000e+00   -5.5200e-12   1.8116e+11
-1.0000e+00   -8.4800e-12   1.1792e+11
-9.5000e-01   3.2000e-12   -2.9688e+11
-9.0000e-01   -1.4960e-11   6.0160e+10
-8.5000e-01   -8.5000e-13   1.0000e+12
-8.0000e-01   4.3600e-12   -1.8349e+11
-7.5000e-01   2.7000e-13   -2.7778e+12
-7.0000e-01   2.8200e-12   -2.4823e+11
-6.5000e-01   -8.8200e-12   7.3696e+10
-6.0000e-01   1.2930e-11   -4.6404e+10
-5.5000e-01   -2.0100e-12   2.7363e+11
-5.0000e-01   -1.1500e-12   4.3478e+11
-4.5000e-01   6.3400e-12   -7.0978e+10
-4.0000e-01   5.1300e-12   -7.7973e+10
-3.5000e-01   8.3400e-12   -4.1966e+10
-3.0000e-01   -1.2100e-11   2.4793e+10
-2.5000e-01   9.7000e-12   -2.5773e+10
-2.0000e-01   8.0400e-12   -2.4876e+10
-1.5000e-01   5.2000e-12   -2.8846e+10
-1.0000e-01   6.4600e-12   -1.5480e+10
-5.0000e-02   -1.9700e-12   2.5381e+10
0.0000e+00   1.1800e-11   0.0000e+00
