  Measurement Number     Measurement type
                   4                DC IV

      Measurement ID             SeriesID
       739696.807797                    0

         MeasureMode                Bias1                Bias2
                   2                  2.5                   -1

                Step  Positive compliance  Negative compliance
                0.05                1e-06                1e-06

  RealMeasuredPoints
                 144

        Bias        Current     Resistance
0.0000e+00   -1.5500e-12   -0.0000e+00
5.0000e-02   1.5900e-12   3.1447e+10
1.0000e-01   1.7900e-12   5.5866e+10
1.5000e-01   2.2000e-12   6.8182e+10
2.0000e-01   1.1000e-13   1.8182e+12
2.5000e-01   1.7900e-12   1.3966e+11
3.0000e-01   2.6000e-12   1.1538e+11
3.5000e-01   -1.0000e-14   -3.5000e+13
4.0000e-01   2.3400e-12   1.7094e+11
4.5000e-01   6.3800e-12   7.0533e+10
5.0000e-01   5.9500e-12   8.4034e+10
5.5000e-01   1.8400e-12   2.9891e+11
6.0000e-01   -1.9000e-13   -3.1579e+12
6.5000e-01   3.8300e-12   1.6971e+11
7.0000e-01   5.3500e-12   1.3084e+11
7.5000e-01   6.1200e-12   1.2255e+11
8.0000e-01   3.9700e-12   2.0151e+11
8.5000e-01   9.4000e-13   9.0426e+11
9.0000e-01   4.0500e-12   2.2222e+11
9.5000e-01   3.8300e-12   2.4804e+11
1.0000e+00   3.8500e-12   2.5974e+11
1.0500e+00   7.8200e-12   1.3427e+11
1.1000e+00   7.9600e-12   1.3819e+11
1.1500e+00   9.4800e-12   1.2131e+11
1.2000e+00   4.5400e-12   2.6432e+11
1.2500e+00   1.0170e-11   1.2291e+11
1.3000e+00   1.3180e-11   9.8634e+10
1.3500e+00   1.1220e-11   1.2032e+11
1.4000e+00   1.0810e-11   1.2951e+11
1.4500e+00   1.9750e-11   7.3418e+10
1.5000e+00   1.7830e-11   8.4128e+10
1.5500e+00   1.8390e-11   8.4285e+10
1.6000e+00   3.3840e-11   4.7281e+10
1.6500e+00   1.9630e-11   8.4055e+10
1.7000e+00   1.5600e-11   1.0897e+11
1.7500e+00   2.5560e-11   6.8466e+10
1.8000e+00   2.6000e-11   6.9231e+10
1.8500e+00   3.1180e-11   5.9333e+10
1.9000e+00   2.8470e-11   6.6737e+10
1.9500e+00   2.7300e-11   7.1429e+10
2.0000e+00   4.6520e-11   4.2992e+10
2.0500e+00   3.6490e-11   5.6180e+10
2.1000e+00   4.2550e-11   4.9354e+10
2.1500e+00   6.0339e-09   3.5632e+08
2.2000e+00   1.0000e-06   2.2000e+06
2.2500e+00   9.9998e-07   2.2500e+06
2.3000e+00   9.9998e-07   2.3000e+06
2.3500e+00   9.9998e-07   2.3500e+06
2.4000e+00   1.0000e-06   2.4000e+06
2.4500e+00   9.9998e-07   2.4500e+06
2.5000e+00   1.0000e-06   2.5000e+06
2.5000e+00   9.9998e-07   2.5001e+06
2.4500e+00   1.0000e-06   2.4500e+06
2.4000e+00   1.0000e-06   2.4000e+06
2.3500e+00   9.9996e-07   2.3501e+06
2.3000e+00   1.0000e-06   2.3000e+06
2.2500e+00   9.9998e-07   2.2500e+06
2.2000e+00   1.0000e-06   2.2000e+06
2.1500e+00   9.9998e-07   2.1500e+06
2.1000e+00   9.9998e-07   2.1000e+06
2.0500e+00   9.9998e-07   2.0500e+06
2.0000e+00   9.9996e-07   2.0001e+06
1.9500e+00   9.9998e-07   1.9500e+06
1.9000e+00   1.0000e-06   1.9000e+06
1.8500e+00   9.9998e-07   1.8500e+06
1.8000e+00   9.9998e-07   1.8000e+06
1.7500e+00   9.9996e-07   1.7501e+06
1.7000e+00   9.9998e-07   1.7000e+06
1.6500e+00   1.0000e-06   1.6500e+06
1.6000e+00   1.0000e-06   1.6000e+06
1.5500e+00   9.9998e-07   1.5500e+06
1.5000e+00   9.9998e-07   1.5000e+06
1.4500e+00   1.0000e-06   1.4500e+06
1.4000e+00   9.9998e-07   1.4000e+06
1.3500e+00   9.9998e-07   1.3500e+06
1.3000e+00   9.9998e-07   1.3000e+06
1.2500e+00   9.9996e-07   1.2501e+06
1.2000e+00   1.0000e-06   1.2000e+06
1.1500e+00   9.9998e-07   1.1500e+06
1.1000e+00   1.0000e-06   1.1000e+06
1.0500e+00   9.9998e-07   1.0500e+06
1.0000e+00   9.9998e-07   1.0000e+06
9.5000e-01   9.9998e-07   9.5002e+05
9.0000e-01   9.9998e-07   9.0002e+05
8.5000e-01   1.0000e-06   8.5000e+05
8.0000e-01   9.9998e-07   8.0002e+05
7.5000e-01   9.9998e-07   7.5002e+05
7.0000e-01   9.9998e-07   7.0001e+05
6.5000e-01   9.9996e-07   6.5003e+05
6.0000e-01   9.9998e-07   6.0001e+05
5.5000e-01   1.0000e-06   5.5000e+05
5.0000e-01   9.9998e-07   5.0001e+05
4.5000e-01   9.9998e-07   4.5001e+05
4.0000e-01   9.9998e-07   4.0001e+05
3.5000e-01   9.9998e-07   3.5001e+05
3.0000e-01   1.0000e-06   3.0000e+05
2.5000e-01   9.9998e-07   2.5001e+05
2.0000e-01   9.9996e-07   2.0001e+05
1.5000e-01   9.9998e-07   1.5000e+05
1.0000e-01   9.9998e-07   1.0000e+05
5.0000e-02   9.9998e-07   5.0001e+04
0.0000e+00   5.7278e-07   0.0000e+00
0.0000e+00   3.4672e-07   0.0000e+00
-5.0000e-02   -1.0001e-06   4.9997e+04
-1.0000e-01   -1.0000e-06   9.9998e+04
-1.5000e-01   -1.0000e-06   1.5000e+05
-2.0000e-01   -1.0000e-06   2.0000e+05
-2.5000e-01   -1.0000e-06   2.5000e+05
-3.0000e-01   -1.0000e-06   2.9999e+05
-3.5000e-01   -1.0001e-06   3.4998e+05
-4.0000e-01   -1.0000e-06   3.9998e+05
-4.5000e-01   -1.0000e-06   4.4999e+05
-5.0000e-01   -1.0000e-06   4.9999e+05
-5.5000e-01   -1.0000e-06   5.4999e+05
-6.0000e-01   -1.0000e-06   6.0000e+05
-6.5000e-01   -1.0000e-06   6.4999e+05
-7.0000e-01   -1.0000e-06   6.9999e+05
-7.5000e-01   -1.0000e-06   7.5000e+05
-8.0000e-01   -1.0000e-06   7.9997e+05
-8.5000e-01   -1.0000e-06   8.4998e+05
-9.0000e-01   -1.0000e-06   8.9998e+05
-9.5000e-01   -1.0000e-06   9.5000e+05
-1.0000e+00   -1.0000e-06   9.9998e+05
-1.0000e+00   -1.0001e-06   9.9994e+05
-9.5000e-01   -1.0000e-06   9.4998e+05
-9.0000e-01   -1.0000e-06   8.9998e+05
-8.5000e-01   -1.0000e-06   8.4998e+05
-8.0000e-01   -1.0000e-06   7.9998e+05
-7.5000e-01   -1.0000e-06   7.4999e+05
-7.0000e-01   -1.0000e-06   6.9997e+05
-6.5000e-01   -1.0000e-06   6.4999e+05
-6.0000e-01   -1.0000e-06   5.9999e+05
-5.5000e-01   -1.0000e-06   5.4999e+05
-5.0000e-01   -1.0000e-06   4.9999e+05
-4.5000e-01   -1.0000e-06   4.4999e+05
-4.0000e-01   -1.0000e-06   3.9999e+05
-3.5000e-01   -1.0000e-06   3.4999e+05
-3.0000e-01   -1.0000e-06   3.0000e+05
-2.5000e-01   -1.0000e-06   2.5000e+05
-2.0000e-01   -1.0000e-06   2.0000e+05
-1.5000e-01   -1.0000e-06   1.5000e+05
-1.0000e-01   -1.0000e-06   9.9998e+04
-5.0000e-02   -1.0000e-06   4.9999e+04
0.0000e+00   -8.4752e-07   -0.0000e+00
